1.4452 1.1012 2.0361 2.3036 0.6526 1.3774 1.3241 1.5343 1.4171 2.2191 -1.0021 -1.1174 -1.1299 -0.6725 -1.1544 1
1.4609 1.2349 0.5986 0.6365 1.3819 -0.2939 -1.4905 -1.7944 -0.4674 -0.5166 0.4173 0.6550 1.3873 1.6394 2.2099 2
-0.9092 0.8537 -0.1851 -0.9922 0.0787 1.1224 0.1687 -0.5103 0.0916 0.1486 -1.0753 -1.5707 -0.5632 -1.4960 0.0871 1
-0.2851 0.2460 0.7903 0.5579 0.9051 1.0721 1.4503 0.1928 -0.8225 -0.7712 0.6059 -0.6755 1.5196 -0.0512 2.0166 2
0.4284 1.4262 0.3369 1.4046 0.8474 -2.1478 -0.6554 -0.7694 -0.6519 -1.1609 0.6482 0.7681 1.4565 0.4632 1.2154 1
-0.8695 -0.3621 -0.8122 -0.7097 -0.1491 -0.4069 -0.7570 -2.2074 -1.3875 -0.9294 -0.3334 -0.0278 1.0190 -0.4445 0.4140 2
1.0799 0.0510 -0.4068 -0.4871 -0.5538 -0.9720 -0.8366 -2.4615 -1.4656 -1.9727 0.3503 -0.7581 1.3188 -0.1848 -0.3533 1
-1.4431 -0.5150 0.4215 -0.4099 -0.9463 1.2801 0.2281 -0.2178 0.8228 0.3977 0.4624 0.7599 -1.0536 -0.7429 -0.3144 2
1.1736 0.7654 1.0303 1.4696 0.6787 0.8806 1.2074 1.2304 0.3675 1.5978 1.8905 2.0830 2.4041 1.2254 0.8638 1
2.5909 1.3428 1.6366 1.5666 1.2880 0.7957 -0.2398 1.1422 1.9571 0.4697 1.0093 0.8682 0.0808 -0.1704 0.6773 2
-0.2802 -0.2255 0.1519 0.2906 0.9958 0.7713 0.9274 0.1431 0.7183 0.1578 -1.0102 -0.0263 -0.8421 0.9443 -2.3416 1
-0.4354 -0.2482 -0.0713 -0.7071 -0.5708 0.3220 1.0069 1.0432 0.7579 0.7915 1.0118 0.6713 1.2044 1.2922 0.8190 2
0.2338 0.2082 0.3271 0.6012 -0.7176 -0.0570 -0.2295 0.4325 0.5910 -0.9021 -0.7728 -0.0592 -0.6243 0.7137 -0.6728 1
-0.1891 1.5615 0.6116 0.3474 -0.1692 0.7142 -1.4109 2.7467 0.7984 -0.1873 1.9038 0.2434 0.9666 0.2171 1.4081 2
-0.1970 2.1433 0.9510 0.2803 1.6667 0.7396 0.4838 1.3886 0.9549 0.9624 -0.3564 1.3369 1.4810 0.0051 0.2719 1
-0.8581 -0.2070 -0.8397 0.3278 -0.0593 0.4364 -0.4961 -1.0698 -1.2483 -0.9440 0.2142 -1.3670 -0.7618 -1.2272 -2.1630 2
-1.5041 0.4644 0.3794 -0.7307 -0.7684 0.0003 0.3898 0.0670 0.0888 0.9510 -0.5795 0.5255 -0.2740 -0.6228 0.9151 1
0.3090 0.6362 -0.0144 -0.0098 0.0270 -0.0780 -0.1722 -0.5901 0.5696 0.2379 1.4549 0.1629 1.0446 -0.1263 0.6016 2
0.8275 0.7908 0.6718 0.0360 0.2621 -0.8148 -0.8438 0.1178 -0.7754 -0.4844 -0.2622 0.0886 -1.0439 1.2226 -0.7702 1
-0.0887 0.9678 2.6093 1.0154 0.2683 2.3615 0.9657 0.9377 1.4157 -0.5327 -0.6745 -2.1035 -1.7070 -0.1063 -1.0627 2
1.3040 0.0026 0.1123 1.5114 0.3788 -1.9555 -0.8549 -0.8470 -0.8874 -0.3083 -0.4447 0.3081 0.3409 -0.3083 0.2457 1
-0.3700 0.6988 -0.0112 0.8870 0.5785 0.6142 -0.5245 -0.5141 -0.9430 -0.8811 0.1806 0.2446 -0.0973 -0.3170 -1.6531 2
1.3871 1.2462 0.5691 0.8582 1.1835 1.2708 0.5728 -0.6500 0.5933 -0.1507 -0.0266 1.3540 0.5708 -0.2229 -0.0236 1
-0.1096 -0.3667 0.8014 0.0647 -0.7682 2.2477 1.8966 3.7605 2.4658 1.3725 0.3658 -0.2598 0.7289 0.9553 -0.1086 2
0.8777 -0.0636 0.3568 1.0830 -0.4822 0.6671 -0.2040 2.3611 2.7069 0.2732 0.4856 0.0197 0.1417 1.4224 0.7902 1
0.8095 1.0499 0.3101 1.0804 0.1969 -0.8195 -0.6381 -1.0581 -0.7547 -0.3296 -0.4394 -0.6432 0.0048 0.4802 -1.3957 2
1.2471 1.9723 0.1524 0.7838 1.0824 0.8637 1.8242 1.8549 1.7851 0.3352 1.1925 1.1283 1.6203 1.9373 0.7760 1
-0.8604 -0.5466 -0.7891 -1.3921 -1.0121 -0.4387 -0.2944 -0.8869 -1.1574 -1.4569 0.0483 -1.0630 -0.5366 -0.8395 -0.1991 2
0.3700 1.6794 -0.6709 0.6746 2.2637 -0.3955 -1.0545 -0.3852 -1.1900 -0.1957 0.2587 -1.5254 -0.3158 0.4688 -0.4500 1
0.6267 1.8787 -0.1431 1.6189 0.4361 -0.3222 0.3488 -0.0570 0.7086 0.6345 0.8595 0.3876 0.2895 -0.1009 -0.4314 2
-0.3113 -1.0445 -1.3736 -0.2190 -0.5581 -1.7212 -0.3585 -1.6300 -0.5365 -1.8620 -2.2768 1.0712 -0.3671 -0.9782 -0.9333 1
0.3578 -0.4217 0.9471 0.0189 0.1807 -0.2535 1.5645 2.0665 -0.0166 0.0271 -0.2915 -1.2882 0.9731 -0.0853 -0.2563 2
-0.1383 -0.2144 -0.0410 -0.1663 0.2696 1.1644 -0.6313 -0.1865 0.1871 -0.5318 -0.6046 -0.6906 0.2654 0.9250 0.3030 1
0.4210 0.2123 0.3086 -0.2048 0.3753 1.1137 1.3002 -0.1454 0.2824 -0.3048 -0.7465 0.7856 0.3376 0.6912 0.3554 2
1.3024 -0.6578 1.7888 0.9740 1.6564 -0.8980 -1.6347 -1.7278 -0.0492 -2.0852 -0.6839 0.1492 -0.5396 -0.5393 -0.7174 1
0.8668 0.1204 1.4179 -0.4496 0.9560 0.2199 0.2663 0.3175 1.1729 0.6548 1.5383 0.3174 0.8736 -0.8805 1.2398 2
0.7548 1.3402 0.8304 0.5795 0.6568 0.6163 1.0015 -0.7142 -0.2125 0.6964 0.7899 0.1519 0.8039 -0.5116 -0.0575 1
-1.1616 0.4285 -0.1166 -0.6054 0.0743 1.0797 1.2371 0.2853 0.8805 -0.8589 0.8877 1.4249 1.5924 1.0074 0.8042 2
-0.7522 1.1566 1.0326 0.2647 -0.0365 -2.0697 -1.3341 -0.3179 -1.0844 -0.9501 -0.5074 0.7205 0.1970 -1.3260 -0.4984 1
-0.0358 1.1013 -0.0341 2.2178 0.2970 1.7516 0.1437 1.7015 1.9789 0.7895 0.8693 1.2924 1.3640 0.8575 0.2211 2
0.3691 0.9567 -0.8497 0.6923 -0.6078 0.5512 -1.0271 -0.3074 -0.2694 -1.0600 -0.0540 -1.2198 0.3784 -0.7327 0.6685 1
0.6934 0.0366 0.3639 -0.0430 0.7980 0.1989 0.4977 -1.6750 1.2456 -1.1158 -0.2740 0.1676 -0.1475 -0.0881 -0.5289 2
-0.2974 -0.9045 1.4196 -0.4194 1.1209 0.1044 0.8104 1.9112 0.5273 1.4083 1.1138 0.7960 0.7525 0.0414 1.3730 1
0.0480 -0.7136 -0.6781 0.0322 0.5937 0.6616 0.8889 0.5789 0.0141 0.2563 0.0176 1.8979 1.3653 1.5900 1.0900 2
-0.6110 -0.1656 -0.7574 0.2776 -0.4871 -0.6703 -0.3199 -0.6003 -0.8057 -1.5871 0.2355 -0.6658 0.0847 1.0730 0.1948 1
-0.5954 -1.3530 -0.8232 -1.0274 -1.2537 0.4768 0.1286 0.4301 -0.0112 -0.7515 -1.9213 -1.5259 -0.7900 -1.9966 -2.0899 2
1.1088 -1.7814 -0.5435 -0.0144 -0.8228 -1.3133 -1.0633 -0.3567 0.5426 -0.5423 -1.5900 -0.3077 -0.2838 1.2867 0.6668 1
0.7676 -0.4142 -0.0271 1.2521 -0.4665 -0.6354 -0.7205 -1.3495 -0.5734 -0.6802 -0.3694 -0.8209 0.3401 -0.9468 0.0023 2
1.5471 0.8415 1.5068 1.4178 0.0702 -1.1217 -1.7087 -0.6378 -0.8872 -0.5980 -0.5843 0.8410 0.7827 -1.1943 0.6517 1
-0.4166 -0.0493 -0.0715 -0.0958 -0.2450 -1.9309 -1.2896 -0.8187 0.0715 -0.5794 0.1844 0.7909 1.0909 -0.1677 -0.2586 2
-0.6814 -0.2456 -0.7544 0.6878 -0.0137 -0.1740 -2.0224 -2.3382 -0.8298 -2.1977 1.4518 0.2469 0.4139 1.4978 2.8773 1
-0.0166 0.0436 0.6692 0.8407 -0.9187 -0.4734 -0.4753 -0.4063 -0.4845 -0.5136 0.9464 0.7238 2.6000 1.2329 1.5722 2
0.7820 1.3578 1.8845 1.2837 1.0135 -0.1121 0.4564 1.0552 -0.4551 0.6662 -0.6223 1.3077 1.0116 1.4723 1.3183 1
-1.9721 -2.5221 -2.1596 -2.0899 -0.5814 -1.1497 -0.4807 -1.2892 -1.8597 -0.3059 -2.0485 -0.9367 -1.5584 -0.6142 -1.5162 2
0.7484 1.1520 0.7361 0.9320 1.1356 -0.2968 -0.4000 1.3792 2.9804 1.9422 0.4659 -0.1896 -0.5316 -0.9057 -0.7788 1
0.7652 0.9498 0.1590 0.5934 -1.3408 -1.7477 -0.6176 -1.2161 -1.6076 -1.9561 -1.4554 0.1066 -1.6734 -1.1077 -1.0963 2
0.3929 -0.5601 0.5712 -0.0449 0.3509 -1.5642 0.4861 -1.0088 -0.8907 -0.1325 -0.3173 -0.6515 0.0418 -1.1305 0.3716 1
-0.0767 0.5275 0.8041 1.1596 1.5023 -0.6645 0.5847 -0.5560 0.1178 -0.1220 1.6361 1.5073 0.0154 1.7151 0.7260 2
-0.3291 -0.8899 0.3096 0.1813 -1.0524 -0.2095 0.0640 -0.1406 -0.3513 0.1606 0.0788 -0.9718 -1.5755 -1.5790 -0.2436 1
0.4449 -0.3087 0.1111 -0.8940 -2.2359 -0.6101 0.5635 0.2351 0.1620 0.7270 1.1919 0.0464 0.7073 1.4796 0.7662 2
-0.3806 0.2789 -0.9731 -0.1223 0.9892 -0.5242 0.3432 0.5034 -0.2903 0.5017 0.7292 0.9724 -1.6713 -0.3851 0.4808 1
0.3810 0.7271 -0.5669 2.2690 0.2255 -0.7437 -0.6632 0.7134 0.5821 -0.2578 -0.3262 -0.0545 -0.3371 0.0321 0.0813 2
0.5878 -0.0667 -0.7459 0.2580 -0.6473 0.6286 -0.8343 0.0526 -0.6569 -0.6441 0.5512 -0.8328 0.1248 0.1259 0.7260 1
-0.7516 -0.2152 -2.4888 -0.5800 -2.0801 -0.4742 0.3039 -0.2400 -0.5513 0.9568 -0.0072 0.4458 1.2109 1.9969 0.7715 2
0.4808 1.6044 0.3035 1.1678 1.1727 0.0964 -0.2566 -0.4202 -0.6826 -0.5995 1.2867 -0.6834 -1.4772 0.4293 -1.0000 1
1.6504 0.6204 0.9931 1.1546 1.1117 1.4052 -0.1947 0.4602 -0.3575 0.6915 2.2838 0.4096 0.5434 0.7158 0.8351 2
1.5926 1.5964 1.2867 2.1279 0.8632 0.2324 0.1641 0.3828 0.8036 0.4426 0.6933 -0.4374 0.7422 0.7821 -0.1797 1
-1.6011 -1.8373 -0.0872 -0.4329 -1.4366 -0.6618 -0.2635 -1.5319 -2.4357 -0.3262 -0.7936 1.2555 1.4379 0.0450 1.6788 2
-0.9523 -0.1021 -1.4498 -0.5567 0.3538 -0.2809 -0.8558 -1.9297 0.0545 -1.4290 0.9530 1.8228 0.3696 1.3683 1.1837 1
0.4848 1.5628 -0.3625 1.0918 1.4616 0.1560 0.7076 -0.0992 -0.0526 -0.2049 -0.9945 0.6462 -0.2567 -0.1836 -0.5089 2
-0.7641 0.4974 0.5834 -0.6687 -0.1302 0.6347 0.2447 1.0494 -0.3563 0.3485 -0.0415 0.9673 2.3438 1.2634 -0.0196 1
-1.0981 -0.3763 -1.0162 -0.9548 -2.7177 0.4603 -0.4270 -0.1042 0.5650 0.5754 -0.2652 0.2375 0.5220 -0.0118 0.1053 2
-1.0762 -1.3546 -2.3940 -2.7330 -1.9377 2.0749 0.1410 -0.1612 0.4758 0.3267 0.2006 0.9304 -0.1052 0.0599 1.4763 1
-0.2639 -1.9328 -0.0841 -1.6825 -1.8466 -0.5861 1.0215 0.1084 0.6757 -0.0591 -0.0567 -0.0884 -0.5734 -0.6134 -1.3636 2
-0.6371 -0.2106 -1.1193 -0.4506 -1.2322 0.9616 0.2327 0.6141 0.3528 -0.8564 0.2710 0.5790 0.2520 -0.2874 -0.7599 1
0.8388 2.3577 3.0007 1.7770 1.4678 -1.4256 -0.1987 -0.7343 -1.5643 -0.9543 0.1769 0.2905 -0.3082 0.3678 0.2782 2
-2.1805 0.3674 0.0950 -0.3698 -0.2361 -1.8035 -1.2112 -1.0307 0.3293 -0.3136 -1.3788 -1.3278 -0.4340 -1.6628 -0.4976 1
-0.9790 -0.6020 -0.6972 -0.2843 -1.5482 -0.0969 -0.5227 -0.1970 -0.6420 -0.5561 -0.8621 -0.8688 -0.2738 -0.0537 -0.8487 2
-1.4202 -2.0487 -2.1003 -2.0474 -0.2083 0.7990 -0.6617 0.0376 -0.0903 -1.3535 -1.4259 0.0102 -0.3059 -0.3742 -0.0596 1
-0.6395 0.6394 -0.6197 0.6584 0.1373 -1.1909 -0.5650 -0.8923 -0.6085 -0.2193 -0.6890 -1.1683 -1.5125 -1.8652 -0.8307 2
-0.2751 -0.5890 -1.0304 -1.2469 -1.5064 0.8329 -0.7975 0.6105 0.6471 -0.4616 -0.4772 -1.0242 -1.4736 -0.9921 -0.4263 1
-0.1128 -0.5946 -0.0802 1.1343 -0.5307 -1.6482 -1.2053 -0.7755 -0.9040 -0.9882 0.3184 -0.5271 -0.9613 -1.7097 -0.6298 2
-1.7040 -1.6492 -1.0499 -0.9753 -1.9750 -0.2861 -0.4518 0.0084 -0.2785 0.7688 -1.3402 -2.6277 -1.4432 0.8552 -0.7174 1
0.6714 1.2834 -0.5205 0.3794 -0.0943 -0.4892 0.1590 0.2696 -0.5266 -1.2458 0.3980 -0.5548 -0.4191 -0.2844 0.0241 2
-0.9102 1.1464 0.5565 0.6755 0.2703 -0.5851 0.0328 -0.0439 0.2362 -0.8306 1.0699 -0.5800 -0.7674 0.0224 0.5725 1
-0.0167 -0.3451 -1.2987 -0.2291 0.1714 0.7564 0.4752 -0.7916 -0.3034 1.1978 -0.3929 -0.3888 2.0792 1.3337 -0.4299 2
2.0613 1.5336 0.9693 1.9743 2.2734 0.5337 0.5192 0.8877 0.6338 -0.1518 0.9350 2.3288 2.1182 0.5186 0.8592 1
-0.2166 -0.1628 -0.7117 -1.4475 0.0062 -1.5307 -0.8240 -0.9433 -0.3517 -1.7556 -0.5052 -0.9019 -0.1232 -0.4392 -0.6589 2
1.6047 1.2946 0.7827 0.7310 0.5279 0.8356 0.0230 1.0550 1.0663 -0.0137 0.4507 -0.6152 0.0609 0.7285 0.6631 1
-0.8161 -1.8057 0.2099 -0.4913 -1.2160 0.3428 0.9991 -1.4680 0.8894 -0.2192 -1.1822 -2.1307 -1.4794 -0.2776 -0.8787 2
-0.5945 -0.2907 -0.3392 0.1287 -0.3593 1.5612 -0.5523 1.4495 1.0613 -0.3326 -0.8709 0.8366 0.6429 0.5750 0.9990 1
-1.1885 -0.0956 0.4028 0.6318 0.0291 -0.4155 -0.6246 -1.5654 1.8370 -0.0531 0.6709 0.2455 -0.9026 0.0568 -0.2462 2
-0.7392 0.2143 -0.3471 0.7369 -0.2781 0.1336 1.3057 -1.0999 0.7686 -0.0789 -0.2709 0.4535 -0.3954 0.4747 0.4470 1
-0.6983 -0.0185 0.7611 -0.2377 -1.0685 0.4828 -0.4418 -0.2991 -0.0778 -0.0835 -1.1968 -1.3636 -1.3631 -0.4138 0.9679 2
0.5835 -0.2159 -0.5665 -2.2507 -0.8453 -1.3220 -1.7352 -0.8291 -0.4738 -1.0499 0.3322 0.5205 -0.5475 -0.9633 0.1240 1
1.2676 -0.3399 -0.3894 -0.1706 0.3148 -0.1841 -1.0930 -1.1417 -1.2750 -0.1291 0.8275 -0.4566 0.5053 0.6598 0.8216 2
-0.1541 -0.6809 -0.8248 0.0245 -0.0092 -0.8951 -1.2131 -0.4345 -1.7849 0.5020 -0.9925 -1.2595 0.9840 -1.3428 -1.7139 1
-0.6154 -0.7154 -0.2890 -1.5504 -0.1381 0.9686 0.6537 0.4628 -0.6034 -1.2149 -1.1941 0.0802 0.4895 0.6345 1.4078 2
1.6615 2.1093 -0.2618 1.7451 -0.0098 0.6914 0.3594 -0.8242 -0.6022 -0.8633 0.4168 0.6221 1.5537 -0.1641 0.4784 1
0.3327 0.0661 -0.0424 0.4672 -0.1058 0.3589 1.0508 0.4195 3.3153 0.1890 -0.2142 0.1235 -0.1514 0.1910 -0.2389 2
0.9382 0.2275 0.1297 -0.4499 -0.4006 1.6122 1.1647 0.6802 1.2623 0.8405 0.2710 0.3006 1.0040 0.8541 0.2937 1
-1.0006 -0.2582 -0.9288 0.3872 0.2300 -0.0518 -0.9826 -0.6051 -1.0329 -1.4713 -0.3232 -2.0344 -0.7379 -0.4228 -1.2074 2
1.3257 0.4105 2.0562 2.1343 1.7252 0.8469 0.2468 0.1328 1.4479 1.2404 1.2624 1.1542 0.5975 0.9960 0.2552 1
-2.6546 -1.2537 0.2216 -1.2974 -0.7431 0.7386 1.3509 -0.3162 0.7287 0.5150 -1.6832 -1.3737 0.5361 0.8053 0.6395 2
1.2436 0.8241 -0.1000 1.6557 0.2002 1.9267 0.5959 2.3286 0.1644 1.4525 0.8296 1.3823 1.1332 1.7284 1.4571 1
0.8241 0.4480 1.0953 0.5540 0.0665 1.0535 0.8473 0.6556 1.7734 0.7877 0.3837 2.1349 1.8553 -0.0240 0.6718 2
0.3369 -0.3083 -0.4258 0.4990 -1.0047 -1.6737 -1.3590 -1.3768 -1.7238 -0.1790 1.2996 1.7178 0.7361 0.9283 1.3681 1
0.1770 0.4446 0.0365 0.6595 0.1207 1.3012 0.0776 -0.4563 1.7191 1.6080 1.2853 1.2099 -0.1121 0.3693 1.8642 2
0.5128 1.9872 0.5675 -0.6705 0.7234 0.7515 0.5662 1.5432 0.7430 -0.0687 -0.0415 0.0293 -0.1347 -1.2245 1.6097 1
0.2531 -0.1560 0.9785 -0.0330 -0.1779 1.4533 1.2700 0.7475 0.0322 -0.4834 -0.5118 0.4322 -1.1525 -0.5885 -2.1306 2
-0.6165 1.2142 0.8694 1.0816 0.5788 0.5526 -0.6783 0.8976 -0.1380 0.6319 -0.7152 -1.9891 -1.1459 -1.9710 -0.0718 1
-0.8252 -1.7998 -1.4314 -2.4068 -0.9304 0.7898 0.5624 0.2032 0.5612 0.2719 -0.2131 0.9054 -0.4749 -0.8391 -0.8739 2
0.3328 -1.3175 -0.2839 0.5700 -0.6844 0.2440 0.2340 0.0924 -0.9776 0.8805 1.4862 1.8219 0.6003 0.3481 0.0325 1
0.5288 -0.6655 0.7934 1.0762 0.1363 -0.7138 -0.8343 -0.7288 0.5737 -0.0832 -0.4709 0.4063 -0.7638 0.8544 -0.0898 2
1.2443 1.7336 0.9778 0.6592 -0.1028 -0.4318 -0.5146 -0.8006 0.6167 0.0684 -0.2446 -1.1096 -0.1101 0.0149 -0.6607 1
-0.3527 0.0609 -1.2306 0.9763 1.1106 -0.3174 -0.5646 -0.5859 -0.5867 -0.6964 -0.8658 0.2131 -1.3082 -0.9464 -2.2831 2
-0.2597 -0.2203 0.2794 -1.6844 0.1253 1.3491 1.9935 0.8033 1.1552 -0.0218 -0.1574 -0.8250 -1.0669 0.2409 -0.2723 1
-0.7359 -0.4146 -0.6626 -0.7263 0.9159 -1.0754 -1.6559 -0.4573 -1.5584 -1.4005 -1.7548 -1.0599 0.3443 1.0071 0.0334 2
1.4546 0.7175 0.2918 2.1706 0.7670 0.5322 1.6144 -0.4660 0.4172 0.4641 0.6475 2.0139 0.9750 1.6089 1.5363 1
0.4936 0.7660 1.2477 1.9459 0.6319 -0.5088 -0.4042 0.8000 0.5416 -0.8780 1.6272 0.7368 0.8802 1.3720 1.1093 2
0.3546 -0.9522 -0.4051 0.6856 0.8061 0.2779 -0.3224 -1.0230 0.3570 -0.4055 -0.4710 -0.7474 0.5439 -0.5203 -1.4525 1
0.6780 1.0575 -0.3020 -0.1855 -0.7587 0.6827 1.0232 -0.4590 -1.4693 1.5623 0.2470 0.0441 0.9400 -0.9698 0.5941 2
1.3944 -0.1727 0.4148 1.4032 -0.9202 -0.1869 0.5362 0.0316 -0.8990 0.4616 0.9007 -0.2747 0.3154 1.1532 -0.4456 1
-0.4278 -0.9149 0.0279 0.0670 0.5514 0.6795 1.4443 2.5230 0.2398 0.4988 -1.2033 -0.4229 -0.8733 -0.8859 -0.0826 2
-0.6288 -0.8717 -0.5199 -0.4038 -0.1129 0.0670 0.2801 -2.3922 -0.4988 0.2028 -0.0625 -0.1308 -0.0616 0.2077 -0.3173 1
1.9019 0.0713 1.1142 0.1905 -1.3088 -0.5145 -0.4466 -0.4924 0.2445 -0.2108 -1.0659 -0.8004 -1.3290 -1.6047 0.3492 2
0.7778 -0.1090 -0.2262 -0.4781 1.8592 0.0537 0.5479 -0.5605 -0.9853 -1.1501 -1.2868 -1.3465 -1.9927 -0.1736 -0.7657 1
0.1493 0.7024 0.9276 -0.7025 0.0031 0.4629 0.8782 1.2623 1.7801 2.6199 -0.4150 0.1968 0.7763 1.4029 0.6525 2
-0.5657 0.3511 -1.5272 -0.1321 1.1326 1.4163 0.8530 -1.2446 -0.3267 -0.8336 -2.1676 -0.3226 0.0501 -0.6783 1.4918 1
0.2696 0.4175 0.0986 -0.5344 -0.8865 1.1590 -0.1548 0.9905 -0.4147 0.3962 -2.4100 -0.8617 -1.3535 0.2045 -0.1534 2
0.0791 0.2805 -0.2274 -0.2935 0.0610 0.1998 0.1484 0.7437 1.3778 0.0716 1.8705 1.5405 0.9422 0.5094 0.8490 1
-0.3233 -0.5522 0.0488 -0.5168 0.4426 0.0624 -1.0336 -0.8422 -1.6694 1.1638 1.4131 2.5702 2.0654 1.6825 2.3042 2
-0.4186 -0.0751 0.5123 0.8369 -0.2097 -0.9999 0.8059 -0.7840 -0.7522 -0.0746 0.2064 1.7547 1.1198 0.5388 1.4544 1
-0.7992 -2.1420 -0.4102 -0.3389 -0.1118 -1.2454 -0.5949 0.7658 -1.2928 -0.9930 -0.0356 -1.9121 -0.8987 -0.9875 -1.4199 2
0.9621 0.2703 1.1056 1.3947 1.7001 0.6106 1.2086 -0.2175 0.0213 -0.7512 -1.2190 -1.4972 0.2278 0.3340 -2.4814 1
-1.5103 -1.5454 -0.4384 -1.4169 -1.2497 -0.4271 -1.6522 -0.0071 1.4891 -1.1830 0.2778 -0.7166 1.1899 1.0486 -0.0065 2
-1.3118 -1.1595 -0.9548 -0.5530 0.7192 -0.3863 -1.3853 -1.3322 -1.9333 -0.4695 -0.4519 0.3580 0.9880 0.6331 -0.1135 1
-1.2446 -1.4069 -1.2917 -2.2006 -0.9958 1.2361 -0.0688 -0.9510 -1.4510 -0.2730 1.5269 1.6279 0.3278 0.8544 0.7313 2
0.8903 -0.0115 -1.3425 -0.4907 1.2849 -0.0520 0.4694 0.2238 -0.2546 1.1345 -1.0643 -1.7689 -1.3316 -0.8663 -1.7973 1
-1.1786 1.1195 0.8794 1.7713 -0.2666 0.4350 -0.3901 0.6498 -0.8424 0.2446 -0.4682 1.1883 1.3622 -0.5290 0.3654 2
-0.2367 0.9840 -0.1239 0.1509 0.3972 0.4934 1.0791 1.3739 2.8060 0.7520 -0.5246 1.2930 0.9166 1.2483 1.1824 1
-0.4115 -0.4602 -1.2459 -1.7663 0.7043 -1.4614 -1.8264 -2.3664 -2.4894 -1.2201 -0.6138 -1.7238 -0.6035 0.4308 -0.5081 2
-1.5055 1.7496 0.7827 -0.1320 0.3175 -0.3981 -0.7361 -0.5960 0.1910 -0.5243 0.9494 1.8202 0.5153 1.3391 1.7581 1
-2.3158 -1.1274 -0.5119 -0.9140 -1.4966 -0.8309 0.1033 0.5551 0.6451 -0.3995 -1.9629 -0.6844 -0.0131 -1.8412 -0.3731 2
-0.3160 -0.9409 0.0040 -1.8299 0.4382 -1.6639 -0.2532 -0.7189 0.1333 -1.1961 0.2313 -0.8319 -1.0828 -0.9489 -1.4244 1
0.5575 0.3497 -0.7426 -0.5406 0.7759 0.5418 1.7853 0.5009 1.1707 0.0002 0.5697 -0.1675 0.1715 0.0603 -0.1051 2
0.3109 -0.1090 1.3770 -0.1796 0.3019 0.9304 0.1995 1.4981 0.9881 2.1376 0.2185 1.2166 1.6865 0.7654 1.6769 1
0.2656 -0.2302 -1.1179 0.5996 -0.0999 -0.1905 -0.2042 -0.1252 0.4671 -0.4540 -0.2841 0.7958 0.3185 -0.0399 -1.4182 2
1.8012 -0.8487 1.5678 -0.1534 1.0618 -0.6075 0.5146 -0.3829 0.2160 0.1494 1.2777 1.5370 0.8285 0.5720 1.6796 1
-2.1363 -1.4920 -1.4397 -0.9227 -1.8475 -1.2892 -1.0052 -1.3870 0.2943 -1.0372 -1.0629 -0.9804 -2.3103 -2.3946 -1.0813 2
0.0393 0.4715 -1.1147 0.5551 -0.8692 -0.4863 -0.2190 0.1976 -0.6701 -0.0853 -0.2112 -1.7898 -1.2318 -1.9354 -1.2987 1
-0.6811 -0.5328 1.0701 0.9156 1.0888 -0.0361 -1.0286 0.7631 0.1196 -1.2747 -0.3148 0.4489 0.3596 0.3300 0.3110 2
0.8300 -0.4321 0.2771 -0.5830 -0.5622 -1.0498 -0.9259 0.1959 -1.2954 -0.3524 -0.5151 -1.4499 -1.5634 -2.4100 -1.2492 1
-0.5528 -0.0138 -0.7530 -1.0455 -0.6901 0.6111 1.2084 1.5118 1.0541 0.6753 0.3176 -0.7810 -0.1318 0.5394 -0.3374 2
0.8124 0.3823 -0.5828 -0.6640 -0.0161 0.3745 -0.4744 0.6601 0.0455 0.5870 -1.3580 -1.4231 0.1511 -1.1087 -0.4021 1
0.1882 0.8723 0.6719 1.4035 -0.4111 0.4150 -0.1850 -0.1312 -0.2053 0.0471 0.2678 -0.2625 1.5702 0.3948 -0.2511 2
-0.9581 -1.8469 -1.5086 -1.1789 -0.0745 -0.7762 -0.2340 -0.8989 -1.6424 -0.7554 -0.7705 -1.2552 -1.6361 -0.7465 -0.3602 1
-3.7832 -1.6072 -1.4754 -0.9702 -1.7498 -1.0764 -1.3111 -1.6534 -0.8349 -2.2972 -1.8803 -3.3115 -2.3769 -2.3135 -1.3107 2
1.5554 0.4897 0.0896 1.2260 0.6344 0.0615 -0.3976 -0.2257 1.5052 0.7175 -1.2064 -0.0124 -0.5967 -0.1142 1.7410 1
1.2167 1.7033 0.1047 0.7772 0.6138 0.6719 0.5039 1.8813 1.4964 1.4040 -0.2081 -1.3518 1.3759 0.4209 -0.3297 2
-0.0614 0.4920 1.0059 0.7488 -0.8333 0.5288 0.4188 0.7343 2.5105 0.7338 1.1095 -0.6991 1.2028 -0.7406 0.8005 1
0.8213 0.8791 0.2274 -0.2634 -0.6425 0.5118 -0.0339 -1.4870 -0.4145 -1.1519 -0.1839 0.1252 -0.2735 0.7266 -0.3708 2
-0.2041 -0.3477 -0.4803 0.2345 -1.7483 -0.4934 -0.3271 -0.3589 -0.2571 -0.8773 -1.2277 -1.7346 -1.3726 0.3330 -2.0640 1
1.0659 0.1604 0.0271 -0.2339 -0.4068 0.0297 -1.4391 0.1113 -0.3469 0.7339 -1.4414 -0.2028 0.2300 -0.4873 -0.0560 2
-1.3778 -0.9023 -1.5050 -2.4329 -1.8068 -0.0204 0.4726 -0.3806 -1.1212 -1.0427 -2.2511 0.1918 -1.2490 0.0411 -0.1324 1
0.0721 0.1542 1.3131 1.7168 -0.2448 0.2562 -0.3592 0.4079 -0.1602 0.4772 0.6323 1.1782 0.5393 0.3086 0.5181 2
0.8522 0.5014 -1.1694 0.4511 0.7375 0.8884 0.3968 0.3846 0.3371 1.3665 1.6128 -0.1026 0.4962 0.1866 -0.5559 1
-0.3550 2.0520 0.1099 2.3762 0.5542 0.5098 -0.0177 0.3066 1.3555 0.3537 0.4276 2.1513 1.0382 0.8466 2.1506 2
0.6480 0.8237 0.3853 0.7980 1.0741 -0.5039 -1.3861 -1.4166 -1.3409 -1.2176 -0.8265 1.8138 2.0607 0.1767 0.2402 1
-0.1565 0.8718 0.7910 1.9494 -0.0895 0.6707 1.2610 0.4784 0.7840 0.6274 0.8289 0.0347 0.6169 0.2907 0.8851 2
0.0909 -1.1756 -0.4068 1.2375 -1.1528 1.2230 1.1157 0.3441 0.7127 0.3665 0.0066 0.0037 0.3204 1.6573 1.1273 1
-1.2327 -1.4422 0.0500 -1.0042 -1.0864 -1.8186 -0.5013 0.2290 -1.0137 -0.7129 -1.4777 -1.7884 -1.6132 -1.7743 -0.9333 2
-1.7506 0.7822 -1.3476 0.1052 -1.1696 0.3707 0.9155 -0.5170 -0.9276 0.1054 0.1880 -1.5387 -0.4432 -1.7564 -1.8674 1
-1.8373 -1.7376 -1.8771 -0.4852 -0.4933 -1.2461 -0.0439 0.8459 -0.8565 0.7930 -0.0407 0.8344 0.0183 0.5830 -0.7629 2
-0.8208 0.1219 -0.5085 0.2380 -0.0171 -0.1632 0.1468 -0.1630 -0.1200 0.1452 0.5069 -0.4502 0.3633 -0.7796 0.4054 1
1.1672 2.8387 1.5395 0.8757 1.1840 1.5595 1.4802 0.9054 1.3064 0.6360 1.0012 0.1224 1.9525 1.1743 1.6060 2
0.5384 -0.7621 -0.8909 0.2753 -0.3704 0.0450 -1.5584 -1.3450 -0.2853 0.4466 1.7221 0.0264 1.2149 -0.4518 1.5005 1
0.0469 0.2843 -1.0383 -2.4451 -0.8350 -1.0354 -0.9680 0.3272 -0.3441 -0.6925 -1.3284 -0.8487 -1.4633 0.0756 -1.5020 2
-0.2511 -0.4352 0.4770 1.0323 0.2942 1.7463 0.9012 1.1806 0.3031 0.2866 -0.0716 -0.7290 0.3387 0.7823 1.4641 1
0.6072 1.4582 0.1028 0.6492 1.1582 0.3059 0.9302 0.4261 0.2395 1.0615 1.5325 0.7205 1.9528 1.1776 -0.0566 2
1.7267 0.2281 0.0936 0.8030 0.6266 0.7251 0.2727 -0.4512 -1.3373 0.1558 -0.6240 0.4340 0.5997 -0.6186 -0.2530 1
-0.6711 -0.8321 -0.9805 -1.0158 -0.6141 2.0003 1.7218 0.4113 1.0434 1.7734 -0.6563 -0.5451 -0.9476 -1.6126 -0.1603 2
-1.3544 -0.9390 -1.4046 -1.2203 -2.6284 0.0512 -0.5094 -1.1845 0.2298 -0.9671 -0.0108 -1.1854 -0.3363 -0.0897 -1.4017 1
-1.8512 -0.4760 -0.0518 -0.8301 -0.6413 -0.3674 0.9999 0.0670 -0.2905 -0.7407 1.8847 0.9128 -0.4977 0.7988 1.0850 2
0.1470 0.2853 1.4491 0.0332 0.3249 -0.3907 0.9546 0.7049 1.5346 -0.2303 -0.0904 -0.4354 -0.4025 0.3796 0.1678 1
-0.2874 1.5105 0.8982 -0.3840 0.0645 -0.2157 0.8810 0.7287 1.1892 0.3479 -0.3617 0.1803 0.1195 0.2305 -0.8484 2
-1.8726 -0.2244 -1.2913 0.5814 -0.4157 -0.4548 -0.3571 -0.7774 -0.2743 -0.4057 -1.4771 0.0877 -1.1034 -0.5825 0.0540 1
0.3822 -0.7197 -1.9045 -0.1441 0.7643 0.6457 -0.9736 -0.2916 0.4578 1.3447 -1.3635 -0.1372 -1.4896 1.0307 -0.8625 2
-1.3648 -0.5904 0.2796 -0.8675 -0.8166 -1.8080 -0.3988 -1.1417 -0.8936 -2.9556 -0.3956 -1.5338 -1.0175 -1.1578 -0.9938 1
-1.6606 -2.2986 -1.1879 -2.1098 -2.0662 -0.7687 -0.0971 -1.2252 0.4169 -0.1790 1.1386 1.7293 0.3473 -0.2276 0.4633 2
-0.1801 0.6600 0.5645 -0.7808 0.8025 -0.0749 -1.1450 0.6813 -0.4937 -0.1831 -0.8594 0.3767 -1.3210 -0.5272 -0.5630 1
1.1714 -0.7446 0.0331 -0.2663 0.2782 -0.2025 -0.2948 0.0054 -0.8304 -1.0349 1.1025 0.6263 -0.3254 0.2098 0.3928 2
0.5406 0.2559 1.6500 1.2610 1.1440 1.3974 0.3272 0.8439 -0.7753 0.5660 -0.6112 0.0810 -0.2839 0.1509 -0.5313 1
1.0264 1.6887 1.0024 1.8670 2.9779 0.4072 0.1329 0.3658 1.3336 -0.5394 0.5456 0.1791 1.4877 0.5896 2.1495 2
-0.0467 0.6643 -0.0882 -0.7047 -0.8887 -0.3075 0.0200 -1.9728 -0.3359 -0.3655 0.1745 -0.1422 -0.2753 0.1010 -0.9308 1
0.0895 -0.3057 -0.4444 0.0304 0.7139 -1.3837 -1.2045 0.0472 0.2014 0.8264 -0.1331 -1.1994 -0.9552 -1.4386 -0.8337 2
0.8222 1.2619 1.3712 0.6213 1.1569 1.4955 0.8990 1.7806 1.6946 1.6268 -0.9716 0.6882 -0.9130 0.3962 1.2766 1
2.4103 -0.2779 -0.6391 0.3190 -0.3536 -1.4912 -1.9583 -1.3832 -0.3780 -2.4965 0.0331 0.7887 0.1255 -1.4383 0.4788 2
0.4188 0.3698 1.1581 0.7746 -0.0908 1.0268 2.5265 0.9484 1.1242 0.7203 0.5530 0.6011 0.9358 1.6589 2.1686 1
0.3576 -0.1163 0.7379 -1.3519 -0.2102 -0.3652 0.0394 -0.1325 -1.4161 -0.8248 -0.3060 0.1020 -1.5460 -1.1801 -1.0371 2
-0.9384 -1.9705 -1.2616 -0.6975 -1.5767 -0.9758 -2.4418 -1.7267 -2.8954 -1.0430 -1.8410 -2.3401 -2.8824 -1.3435 -1.9353 1
0.2841 0.5829 -0.2578 0.8474 1.4589 -0.0482 0.9752 0.4653 0.5695 0.2288 0.2297 0.7233 0.6025 0.0824 0.6344 2
-0.6370 1.5720 -0.4059 0.4778 -0.7531 0.8746 0.3300 1.6628 -0.6665 -0.0092 0.5276 -0.9756 0.1311 1.0692 0.4760 1
1.6597 -0.4395 0.3495 -0.5014 0.0195 1.8451 0.7259 2.4257 1.3616 0.3862 1.9280 0.2153 1.0167 0.9742 -0.2273 2
0.6005 1.3363 -0.3282 -0.0762 0.5966 0.4426 1.0358 -0.0252 0.5179 0.8218 0.0677 1.5690 0.2459 0.3290 -0.0783 1
-0.3218 0.3475 1.9764 -0.1183 1.5238 0.0947 0.7145 1.2597 1.5524 0.0055 -0.6063 -0.8828 -0.5872 -0.7429 -0.6723 2
1.4453 0.9889 -0.1120 -0.7455 0.1010 0.5316 1.3656 0.1860 0.9664 1.1908 0.5555 0.1004 0.1553 -0.0080 -1.3190 1
-0.3831 -1.2910 -0.7224 -2.2086 -1.0624 -0.4786 -0.0326 -0.7768 -0.6581 -0.4151 -0.0041 -0.3194 0.7204 -0.1721 0.8096 2
0.5153 -0.0375 -0.2114 -0.1036 -0.1720 0.6721 0.2076 0.6294 0.8088 -0.2653 -1.3938 -0.5880 -1.2255 -1.0515 -0.5139 1
-0.6095 -0.5866 -0.8665 -0.0184 -0.8790 -2.2318 -1.8122 -1.3448 0.2604 -1.0996 -0.1906 0.2041 -0.2890 0.0940 0.5982 2
-0.1651 0.7583 0.5335 -0.6021 0.5693 -0.9950 -0.1730 -0.0508 -0.2711 -1.0357 -0.6865 -1.3059 -0.3634 -1.7854 -2.1395 1
-0.8375 -0.5087 -1.7740 -1.5153 -0.6675 -0.1209 -0.4731 -1.3270 -1.1078 -0.1295 0.1388 1.1317 -0.3216 -0.5363 -0.6641 2
0.9184 0.5764 0.9163 1.7881 1.0867 -1.9969 -3.1453 -1.6201 -2.6045 -1.9685 -1.0065 -2.5116 -0.9926 -0.9842 -0.4528 1
0.9168 -0.8136 -1.7107 0.7549 1.1035 1.1507 0.9481 0.6814 0.3956 1.3431 -0.3189 0.8403 -0.1562 1.0984 0.0107 2
-2.1518 -0.1556 -1.1976 -1.6636 -0.7691 -1.7150 -0.0397 -1.2032 -1.1220 -1.2000 0.7430 1.3658 0.0793 0.7670 0.1693 1
-0.7331 -1.3058 0.6812 0.4624 -0.9062 -0.4421 0.1683 -1.4632 0.6170 -0.5302 0.5568 -1.0006 -0.1821 -0.6652 -0.7617 2
-0.1443 -0.5750 -0.3233 1.7115 0.0691 1.3228 1.0540 0.5879 0.1527 -0.7241 -0.3327 0.4395 -0.2102 -1.4079 1.0130 1
0.5899 -0.1458 -0.3725 -1.8184 -0.7523 -1.0561 -0.2577 0.1966 -0.9304 -0.9302 -0.9160 -0.9815 -0.6997 -0.6109 -0.0593 2
-0.8581 0.2913 0.9142 -1.8996 -0.7330 -0.1837 0.0516 -0.4938 -0.3428 -0.7395 0.5810 0.8378 -0.0111 1.2468 2.1279 1
-0.9405 -0.8817 -1.0133 -1.1670 0.7793 -0.0178 -1.3595 -0.4323 0.1133 -1.7818 -1.2339 -0.7564 -0.8515 -1.3574 -0.6340 2
1.1695 -0.2469 -0.9044 0.4183 0.2810 0.0449 -0.6462 -0.5596 0.2480 -0.4027 1.1751 0.7945 1.4568 0.4864 0.3684 1
-1.3238 -1.6540 -1.0194 -0.6660 0.3534 1.1221 2.3911 1.6211 1.5853 0.7012 -0.6996 1.9173 0.3081 -0.1090 0.6146 2
-1.7189 0.0461 -1.7886 -2.2090 -0.7054 -0.4077 -1.4521 -1.7102 0.1235 0.5292 -1.8545 -0.5692 -0.1093 -1.4570 -1.0562 1
0.7982 2.1465 -0.3286 1.0881 0.5884 1.4129 1.3493 1.4658 0.5214 0.9773 0.2294 1.1547 -1.7366 0.7175 0.4075 2
2.2160 1.3021 1.2350 1.7616 2.1943 1.0600 2.1402 1.1173 1.7467 2.4245 0.5924 1.6973 0.3601 1.7880 1.2889 1
0.4980 0.5419 0.0969 1.3548 -0.4779 0.1068 0.8974 0.2248 -0.3637 -0.0438 1.5315 -0.4029 -0.3381 1.2281 0.2015 2
-0.5098 -0.0162 0.6175 0.2379 -0.1817 -0.2249 1.1982 0.5088 1.6400 0.6347 0.4974 2.2219 -0.6662 0.1751 1.0380 1
0.6499 0.5743 0.0948 0.0071 -0.5948 0.4693 -0.0733 1.3356 -0.5026 1.0205 0.7309 1.4305 0.3634 0.7204 0.3470 2
-1.0262 -0.6375 -0.5708 -0.6521 -0.8272 -1.2266 -0.9543 -1.0428 -0.8349 -1.1448 -1.2751 -1.0321 -1.7077 -1.3281 -0.2385 1
-0.7166 -0.1008 0.2347 -0.5567 0.0821 0.0585 1.2241 0.7931 -0.1511 -0.3685 2.1100 0.5790 -0.1820 0.6269 0.0458 2
-1.1540 -0.0963 -0.9818 0.5963 0.7007 -0.6662 -0.0947 1.0881 1.0066 1.3567 -0.7176 0.4942 0.4570 0.1726 1.0933 1
-0.0585 -2.1436 0.3098 -0.0876 -0.1417 1.5059 1.1154 1.1840 2.5049 1.4265 1.2677 0.9737 0.2333 1.4292 0.0464 2
0.2139 0.1759 1.0669 1.8516 1.2015 -0.2588 -1.0728 -0.4370 0.9507 0.4452 0.2482 1.2780 1.6951 -0.0155 1.1281 1
-0.9658 -0.6475 -0.0368 -0.3035 0.1980 0.4079 -0.3767 -0.7636 1.0826 -1.1527 -0.6614 -1.4432 -0.0198 -1.4282 0.2903 2
-1.2813 -2.3424 -1.2217 -0.8585 -1.6667 -0.2078 -1.1059 0.8613 -0.0404 -0.4622 -0.0721 -0.9485 -0.7733 -1.3000 0.1633 1
-0.2226 -0.9730 -0.1948 -0.4942 -0.1058 -1.6755 -0.9073 -0.8690 -1.1372 -0.6721 -1.0358 0.1148 -1.2969 -2.6883 -0.3639 2
-0.4591 0.1072 -0.2272 -1.3177 0.9572 0.9497 0.5473 1.1102 1.7791 1.6497 0.1781 0.5978 1.5880 0.8650 2.3470 1
1.2639 0.5466 -0.1187 0.1826 0.4744 0.5496 0.1752 0.5755 0.1539 -0.3621 -0.5588 -1.1307 -0.7271 -1.0060 -1.6724 2
-1.0469 -0.1219 -1.8672 0.1016 -0.4656 -0.3209 -0.8677 0.7652 0.1600 -0.3819 -1.4697 -0.6238 0.1924 -0.8268 -0.7389 1
-0.2699 0.0488 0.0198 -0.5592 -1.3012 -0.2730 -1.0834 0.7418 0.4627 -1.2255 -0.5359 -0.6310 -0.9193 -0.8110 -1.2689 2
-0.4769 0.7562 0.5698 0.1136 -0.5381 0.1627 0.1541 0.0772 2.0978 -0.7350 0.2504 0.5610 0.9035 1.4531 0.6543 1
0.9039 -0.9809 -1.3786 0.2143 0.6213 -0.1929 -0.2475 -0.5290 -0.2105 -0.1934 -0.6484 0.1678 -1.2709 -0.3838 -0.5044 2
-2.6900 -0.1386 1.0875 -1.4342 -0.2484 -1.3178 -1.2739 -0.6561 -0.5034 0.6899 0.1840 0.8298 0.4644 1.2786 0.1372 1
-1.3369 -0.4876 -0.8770 0.8972 0.2047 0.2042 -0.3148 -0.9576 -0.0815 -0.7761 -1.6261 -0.4188 -1.1635 -1.6051 -2.3997 2
-1.6447 0.3660 -1.1202 -0.7038 -1.0648 -0.3614 0.1510 -0.1585 -0.2661 -0.0464 1.1489 1.1628 1.5389 0.1092 -0.1788 1
1.5407 -0.7623 1.1537 1.7365 0.7265 0.6449 1.5154 0.1309 0.2589 -0.3188 -1.0575 0.6070 -1.6397 -0.2012 -1.2801 2
-0.6788 -1.5675 -2.4693 -2.9756 -1.1956 0.2086 -1.3199 0.2432 0.4668 -0.4686 -1.3650 -2.4251 -2.5135 -1.7377 -3.6630 1
-0.7151 -1.1516 -0.4135 -0.5428 -0.7491 -0.7313 0.4603 0.7940 -0.9003 0.1792 -0.1935 0.5002 0.1332 0.5792 0.2120 2
-1.1268 0.4640 -1.2395 -0.1386 -0.9577 -0.4076 -0.6133 -1.1731 0.5949 -1.1994 1.1002 1.0526 1.3537 1.2179 0.4576 1
0.2243 -0.4984 -0.7263 -0.5503 0.0160 -1.9956 0.2886 -0.0855 0.3470 0.6350 1.0295 1.3781 0.7022 1.7914 1.4226 2
-0.1215 0.9132 1.7927 0.1191 0.3099 0.6730 -0.5406 1.0472 0.7960 -1.2264 1.1017 -0.0187 -0.9626 0.3818 -0.0864 1
0.0078 0.4107 0.7775 1.7411 0.3510 1.4762 1.5490 2.3717 2.1185 0.3485 2.0190 0.1849 -1.1921 0.2224 1.1227 2
-2.0446 -0.7820 -3.1973 -2.0928 -0.8042 0.4338 -1.1670 0.1115 1.3063 1.1634 -0.4698 -0.2849 -2.4405 -0.5094 -0.3907 1
1.0341 -0.1090 -0.2169 -1.4195 -0.2901 1.4542 3.1285 1.7259 1.8088 1.4585 -0.1652 0.2912 1.3408 -0.2769 0.0622 2
2.0958 3.8621 2.5171 3.1726 2.9596 0.7805 1.6083 0.4311 0.9555 0.5587 0.8501 -0.3560 2.0373 0.4426 0.4620 1
1.2659 0.2267 0.3060 1.4413 0.4039 1.0312 1.3123 2.6095 0.8358 1.8082 0.8100 -0.0827 -0.5999 1.8740 0.5744 2
0.7694 0.2700 -0.3285 0.1086 0.0982 0.1369 0.5367 1.1483 1.9357 -0.1701 1.4106 1.8214 1.0223 -0.0198 1.5399 1
0.5898 0.3999 0.8453 0.1836 1.3878 0.9035 0.0804 0.7106 0.6777 1.3742 -1.7447 -1.3779 -1.2683 -1.4956 -0.5637 2
-1.2877 -2.0310 -0.7898 -1.3112 -1.7147 1.2355 1.2125 0.7943 0.5638 2.1234 1.2058 -0.4957 0.0540 0.0958 0.6622 1
0.6766 1.3890 -0.0654 0.4019 0.6053 0.2852 0.9641 0.8931 -0.0192 0.3905 1.6406 1.1225 1.6165 2.0666 1.4133 2
0.3354 1.4018 -0.1754 0.3024 -0.0712 -0.0657 -0.8662 1.1903 0.3408 0.4783 1.4041 0.0606 0.3840 0.2109 -0.0171 1
-1.0086 -1.6859 -3.1221 -2.1415 -0.3791 -1.6452 -0.9775 -1.8901 -1.2243 -1.1950 -1.1306 -1.7395 -2.1873 -1.7984 -1.4597 2
-1.2789 -1.5713 -2.2342 -1.6885 -1.5507 -1.3705 1.0760 0.2060 0.4237 -0.3934 0.0569 1.5454 0.5505 -0.0280 0.7717 1
-0.7884 0.2936 -1.0927 -0.7006 -1.2354 -0.3522 -0.1896 1.5813 0.8008 1.3986 1.3795 0.1345 1.7259 1.4921 1.1724 2
1.0568 -0.7321 1.6742 0.7877 0.9508 0.8593 3.1356 0.3837 1.2666 1.3438 0.3527 0.8739 0.0351 0.4584 0.6256 1
-2.1793 -2.6018 -0.9014 -1.5393 0.2117 -1.3483 -1.6132 -2.7208 -1.8588 -2.8442 -0.5543 1.3328 -0.6858 -0.5078 0.7814 2
-0.2224 -0.6552 0.3797 -0.0184 0.1922 -2.0650 -2.5620 -1.9311 -0.7803 -1.5155 -0.9089 0.4859 0.1923 -0.7533 0.1086 1
0.5391 1.3142 0.5526 1.1920 0.7260 0.7365 1.3420 1.3775 -0.0341 -0.1378 -0.6205 1.3881 0.2525 0.0362 0.3560 2
1.0152 0.4395 1.1446 1.0969 0.5508 0.2791 0.4102 -1.1606 -0.1987 -1.1841 0.6190 2.1083 1.5914 1.6952 1.6111 1
-1.2017 -0.9889 -0.1743 -0.1216 1.1539 1.1807 -1.5300 0.8639 -0.1935 0.4293 1.2940 0.9711 0.8708 2.0197 1.3580 2
0.7726 -0.1820 -0.1057 -0.1919 2.2304 -0.2600 -2.5931 -1.4254 -1.4682 -1.7600 -0.9161 -0.2393 -1.3462 0.2345 0.0957 1
1.8404 1.6880 1.1082 1.2337 1.3918 0.4288 0.9831 0.7644 -1.0134 -1.0261 0.0242 0.7238 -0.9454 0.0867 -0.1067 2
-0.5691 0.7916 0.7200 -0.4856 0.2275 -1.4386 -1.1490 -0.4785 -0.5667 -1.3584 2.3047 0.2940 1.9044 1.2510 0.6021 1
-1.1176 0.0137 -0.1313 -1.0998 1.1056 -0.8902 -2.9733 -1.1032 -0.1186 -1.6530 -1.1757 -0.2366 -0.0586 0.1103 0.0882 2
0.7536 1.2430 0.6754 0.6295 0.0720 1.0760 -0.4835 -0.7579 1.1404 -0.1906 -0.2995 0.9356 -0.6432 -0.1273 -0.8129 1
-0.5291 -0.2344 0.5898 1.1586 2.1645 2.8953 0.9801 1.7592 0.6999 0.3942 -0.7702 -1.1485 -0.7110 -0.6804 -1.3259 2
2.1212 -0.7970 1.8569 1.8556 -0.5011 0.0133 -0.7204 -0.2108 -0.8832 1.1583 -0.7021 -0.7225 -1.9423 -0.0263 0.1369 1
0.2962 0.4373 0.0626 1.2749 0.2500 -0.1689 -1.4305 -0.2888 -0.1209 -0.8876 -0.4568 -0.2708 -1.3085 -1.5036 -0.8933 2
-0.4756 1.3358 -0.2953 0.6325 0.4555 0.3496 0.6635 0.4512 0.8057 0.0661 -0.9025 -0.5551 -0.4401 -0.0153 -0.5604 1
0.2839 -0.2849 -0.8386 -2.0656 -0.3448 -0.1331 0.7519 -0.7055 0.2370 0.0082 -0.8226 -1.4380 -0.4027 2.0751 0.9031 2
0.1635 0.9035 1.8634 -0.1636 0.7410 -1.1087 -1.3810 -2.3220 -1.5760 -2.1330 0.7820 1.7985 0.7349 0.4149 -0.8020 1
-0.4223 -1.0075 -0.6035 -0.9325 -0.3436 1.6641 -1.1217 1.3477 0.6250 1.4138 0.9511 -0.0081 -0.8697 0.8468 -0.1721 2
-1.1143 -0.3954 -1.4987 -2.0340 -0.2997 -0.2918 -2.1340 -0.9507 -0.2393 -0.6479 -0.1123 -0.9735 -1.0620 -0.4576 -1.4535 1
-0.6875 0.3831 0.0742 0.8434 -0.7388 -0.9492 0.4954 -1.4516 -0.1099 0.0123 -0.7144 -0.0544 -0.9465 0.9633 0.5164 2
0.2627 -0.3542 -1.1313 -1.2339 -0.8721 -1.7053 -3.1251 -0.9077 -0.6898 -0.9337 0.2939 -0.2696 0.3195 -0.7696 -1.2168 1
-0.5599 0.1519 -1.9999 -0.6546 -0.2152 -0.7623 -1.2312 -1.1701 -1.9044 -2.1712 0.0050 -1.3546 -0.7042 -0.3521 0.7317 2
-0.6367 1.5348 -0.6788 0.9445 -0.1690 -0.9034 -0.4070 -1.1284 -1.6458 -1.2884 -0.9749 0.2833 -0.5769 -1.2529 -0.9328 1
0.5362 0.0821 0.0449 0.0263 0.9178 0.6875 -1.2603 0.6622 -0.0555 -0.8926 -0.4227 0.5006 0.0212 -0.4972 -0.9209 2
1.0004 1.2616 1.0681 1.7570 0.5377 0.8311 0.7928 0.3965 0.1225 1.6900 1.6376 0.0776 1.1724 1.1640 1.4800 1
0.6349 0.1206 -0.4699 0.9708 0.2692 -1.0739 -1.0663 0.6590 -1.1413 -0.6693 -0.8228 -0.7084 -0.7918 -1.7585 0.3915 2
0.1327 0.8991 -0.2712 0.6332 0.7398 -0.0959 -0.3841 0.5054 0.2104 0.1973 -0.0203 -0.3087 1.1080 0.5887 1.0076 1
-0.1023 0.1542 -0.5698 -1.4229 -0.5859 0.6028 0.4494 -0.4335 -0.7164 0.6564 -1.2772 0.0180 -1.1050 -1.0780 0.2065 2
-0.3835 0.1459 -1.1890 -0.5666 -0.5488 -0.7646 0.0324 1.1448 -0.8354 0.7167 -1.5905 -1.5453 0.5875 0.0740 -0.0137 1
-0.0010 0.1963 0.3980 1.2166 1.5274 0.2476 1.5384 1.6499 0.3941 1.6687 1.0149 0.7035 1.0970 1.4663 0.7827 2
-0.3716 0.4986 0.0165 -1.2151 -0.7142 0.9334 0.1554 -0.4051 -0.0470 -0.4245 -1.0012 0.9610 0.5285 -1.0585 0.3425 1
2.6879 1.0665 1.5897 2.8234 1.0026 0.2972 -0.8303 0.4069 -1.8399 -0.4486 1.9976 -0.5258 1.0773 1.2453 1.7090 2
0.0095 0.4376 -0.9790 -0.6607 -0.1522 -0.8437 0.2190 -0.0651 -0.0223 0.2201 -0.7255 -0.4207 0.1895 -0.4850 0.3464 1
2.3837 1.6238 1.0555 1.4351 1.3108 -0.2759 0.1121 0.4840 1.3036 -0.0257 -0.1180 -0.0844 -0.4017 0.7426 0.2317 2
0.2196 -1.3334 -0.6807 -0.3284 -1.4154 -0.1152 -0.3750 -0.0901 -0.3996 -0.3455 1.3905 -0.1387 0.4262 -1.0307 -0.4297 1
-0.4736 0.0135 -0.4058 0.0717 -0.1617 1.1308 1.9306 1.4079 1.4827 0.2613 -0.3191 -0.4266 -1.3030 -0.0918 -1.6604 2
-0.9329 -0.0529 -0.6593 -1.0473 -0.6205 -0.2862 -0.5166 -1.7312 0.1504 0.8678 -0.7579 -2.2501 -0.0685 -1.1966 -1.1363 1
0.7743 1.6222 0.6546 0.4035 0.8819 -0.3866 -0.5266 -0.9306 0.5988 -0.3420 0.6020 -0.0888 0.3372 -1.2675 -0.0799 2
-0.1900 0.3447 0.8054 0.2420 0.9000 -0.1409 -0.8195 0.0458 -0.1609 -0.3844 -0.0251 -0.2345 -0.1832 0.4657 -0.4644 1
0.2365 0.0808 0.9825 -0.5414 -0.9823 -1.8069 -1.8013 0.4032 -0.2589 0.2917 1.0983 0.2187 0.1556 -0.3969 -0.6746 2
1.5225 1.3053 0.9123 -0.0977 0.4832 2.3604 1.9073 1.7078 1.7688 0.8484 -0.5181 -0.9524 0.2619 0.3508 0.3285 1
0.0815 -0.8005 -0.3136 -0.7505 0.5519 -0.5282 0.0482 -0.5033 -0.9513 -1.4760 0.3393 -0.6856 -0.1550 1.4101 0.0218 2
0.4192 0.3977 -0.7245 -0.7628 0.1277 -0.7736 0.3577 -0.9216 0.3072 0.1510 -0.3770 -1.1765 -0.3659 0.4614 -0.6215 1
-1.1947 0.2924 0.1965 -0.6966 -0.1543 0.0673 1.5953 0.3249 -0.6976 -0.3590 -0.4541 0.2033 0.9022 0.0067 0.8959 2
1.5188 0.9368 1.3548 0.8374 1.5990 0.7956 0.1572 0.9238 0.8837 2.0133 1.0641 0.0441 0.8812 1.5077 2.0541 1
-0.3781 -1.8464 0.4434 -1.4384 -0.5799 1.3411 1.2891 0.4761 1.2792 0.0243 1.6069 2.6661 1.6212 0.2133 1.3815 2
0.9297 -0.3162 0.3259 -0.4544 -0.1888 0.5194 -0.7297 -1.2188 -0.9041 -0.9034 -0.4182 0.7647 0.5149 0.2055 -1.3193 1
1.5873 1.6748 2.0314 -0.0217 1.4996 0.7806 0.2069 -1.2341 -0.3843 0.9746 1.0887 -0.6949 0.9023 0.6091 1.3883 2
-0.7288 -1.3643 -1.4864 -2.0168 -2.0795 -0.1588 0.8797 0.2633 0.4285 0.3325 -0.4867 -1.3451 -0.1919 -1.7157 -1.4026 1
-0.8598 -1.4709 -1.0795 -0.7858 1.2142 -0.8620 0.2540 0.0186 0.2084 0.3317 -0.9554 -0.1923 -0.8341 -0.5037 -0.0994 2
0.2745 0.0796 0.2983 -1.1107 0.9017 0.1878 1.3595 0.0467 -0.4804 0.4561 2.0474 0.9199 1.5906 1.3093 1.3465 1
0.3696 0.5770 -0.5837 -0.2571 1.0954 0.1498 0.7548 -0.5273 0.8075 1.0808 -0.8823 -0.7908 -0.4250 -0.3286 0.8433 2
0.5159 -0.1005 0.7064 0.1254 -0.2850 0.0099 -0.9625 0.5094 -0.7829 0.7778 0.3887 0.5582 0.3826 0.6965 1.3090 1
-0.3271 -0.0771 1.8098 0.5545 0.5187 -0.4550 -0.1922 0.6267 -0.8725 -0.5612 0.8862 1.5352 -0.1442 -0.0442 -0.3722 2
-1.6257 0.0344 -1.0954 -0.9211 -0.1916 0.2150 0.2916 0.6698 -0.5562 -0.4753 1.8851 0.1933 1.4580 1.8137 1.7419 1
0.8123 1.3036 0.1970 1.1128 0.3245 -0.1746 -0.1896 0.8727 1.3559 0.4862 0.5082 1.0609 1.7766 1.8855 1.4485 2
-1.4659 -2.5812 -1.3626 -0.4842 -0.8467 -0.4732 -1.8001 0.5786 -0.5638 -0.3503 0.4285 -0.0651 -0.1384 0.7229 -0.6626 1
-0.0277 -0.2261 -0.8435 -0.9144 -0.5948 0.6395 -0.4750 0.2202 0.7011 0.1361 0.2486 0.2887 -0.3177 -1.0667 0.4845 2
1.1993 -0.6517 1.0901 -0.4350 0.2011 0.3860 0.7807 0.7618 -0.2969 1.0823 -0.4277 1.6410 0.1358 -0.6412 0.3439 1
-0.1337 -1.9903 0.0806 -0.1998 -0.9786 -0.0795 -0.6211 -0.6820 0.1763 1.9897 -0.5837 1.1963 0.9992 0.6858 0.9457 2
-0.1042 0.6088 0.1988 1.1121 -0.1741 -0.2589 1.2183 0.3669 1.0031 1.6111 1.8854 0.2842 -0.4078 -0.0839 0.0656 1
0.4705 1.2666 1.0701 -0.7648 0.4624 0.6320 0.9472 0.8426 -0.6041 0.0416 1.6628 0.0788 1.4034 0.4985 2.1533 2
-1.0029 0.5282 0.0336 -0.9244 1.2678 -0.6105 -0.8162 -0.2590 -0.8704 0.0376 -0.8191 -0.4106 0.2484 -1.3708 -0.7431 1
0.4582 1.9629 0.7607 1.4781 0.5348 -0.3486 -0.1741 -0.6423 0.0799 1.0874 -1.0713 0.2057 -1.9705 -0.3176 -1.0020 2
0.2327 -1.7256 -1.4315 -0.0207 -1.6192 -0.5650 0.0075 -0.2163 -1.1351 -0.1179 -0.7193 -0.0502 1.1020 0.2159 0.6354 1
-0.2543 -0.8136 -1.2073 -1.5215 -1.8104 -0.5260 -0.6215 -0.7440 0.4965 -2.3280 0.9820 -0.4577 -1.0180 0.7675 -1.4883 2
0.5219 0.1892 0.0873 0.7549 -0.1117 -0.2787 0.2226 -0.3949 -0.3152 0.0387 -0.4485 -0.5368 -1.2621 -0.6769 0.3654 1
-0.4633 -0.5256 0.0314 0.4181 -0.7987 0.4024 0.7042 1.5388 -0.7092 1.0977 -0.2778 0.6259 0.7199 -0.4893 0.6021 2
0.1561 0.0673 -0.4793 -0.9091 -1.3931 0.4760 -0.2889 0.2662 0.7900 -0.8975 0.4484 1.1351 1.2171 0.7384 0.3074 1
0.1588 -0.8396 -1.3198 -0.4090 -0.5173 1.0446 2.5636 -0.6335 0.5939 1.5742 -1.0862 -0.4860 -1.1907 0.3746 -1.5822 2
0.4314 -0.8172 1.8461 -0.0409 0.9436 0.1582 2.0353 1.4979 0.9280 1.9241 0.2455 0.4038 0.6907 0.4976 0.5770 1
-0.3726 0.1045 0.5063 0.4593 -0.2263 1.3332 1.7016 0.5337 0.4928 2.7164 0.6713 0.6759 0.4935 0.0257 0.5396 2
-0.3025 0.4404 -0.5429 -1.9873 -0.9213 0.2055 -0.1029 -0.1980 0.5481 -1.0093 0.1352 -1.1369 0.4536 0.3484 0.8424 1
0.5571 1.5434 2.0225 2.2524 1.3177 -0.6989 -1.9267 -0.2212 -0.5048 0.1094 0.3297 -0.2823 0.0629 -0.3155 -0.2353 2
0.9001 1.0336 0.9512 0.0447 1.8669 1.9909 2.3923 1.6359 2.4069 2.1550 -0.5382 -0.6397 -0.0911 0.2757 -0.5341 1
0.3089 1.7468 0.9613 0.6771 0.6818 0.7063 0.0897 0.4786 0.3181 0.1535 0.1560 -0.1314 0.1454 -0.5564 -0.4383 2
-1.1501 -1.5580 -0.1658 0.2510 -0.3331 -0.8836 0.1996 -0.5773 -1.3602 1.1206 0.7404 -0.3761 -0.3826 -0.9271 -0.6955 1
0.7259 1.1003 0.2199 0.6176 1.3186 0.5176 -0.5983 0.0628 1.2441 -0.6168 0.6208 -0.3362 -0.5142 0.0741 1.7276 2
-0.5331 -1.3902 -0.8005 0.7781 -1.4836 1.2156 2.4718 0.8741 2.6934 3.2056 -0.0470 -0.7818 -0.6893 -1.0210 -0.7103 1
0.4366 -0.4776 1.3550 1.2542 0.8904 -0.1822 -0.6778 -1.3255 -0.1593 -0.1365 -0.3075 -0.9994 0.2040 0.2442 -0.4473 2
1.6463 0.9942 0.8834 1.7993 1.4527 0.5159 0.1606 0.3724 2.1464 0.9310 1.4529 1.0890 2.0924 2.6024 0.3906 1
-1.3436 -0.0798 -0.3948 -0.2593 -0.6386 0.7592 -1.2112 0.2405 0.7669 0.4336 0.0469 -0.6073 -0.6881 -0.2273 -1.3777 2
0.3677 0.0197 -1.3334 -1.0432 0.1120 1.6383 1.1438 0.8433 0.1237 2.0304 -0.9081 -1.1597 -0.1162 0.6722 -0.9337 1
0.4610 0.0293 0.7918 -0.6518 0.3794 -0.7648 -2.6390 -0.3718 -1.1342 0.2691 0.5922 1.0830 -0.7272 -0.2892 1.7154 2
1.6571 -0.4377 0.2900 1.3737 -0.7180 1.8720 1.7994 1.5114 1.3529 0.4627 1.5713 -0.0604 2.8110 2.0125 0.4655 1
0.3750 0.4044 0.9336 1.6172 0.2587 0.4267 0.2425 0.1454 -0.2568 0.6101 -1.2487 0.7812 -1.1395 -1.1526 0.4009 2
-0.5968 -0.9471 0.0881 0.7893 -0.3784 -0.2153 -1.1574 -0.6950 0.1376 -1.3708 -0.5960 -0.5022 0.1293 0.0506 0.2161 1
-0.0580 0.9848 0.8036 -0.7887 -0.0319 1.5275 -0.7389 -0.0479 0.5688 -1.1865 -0.2500 0.7531 -0.6995 -1.3421 1.2541 2
-1.2864 -0.9519 0.5051 -0.4420 -0.6293 -1.0903 -0.6127 0.3332 -0.7962 -0.2015 -1.3250 -0.2233 -1.9792 -0.7595 -1.6820 1
-0.1394 -0.2230 0.6967 -1.0203 -0.1460 -0.0250 -0.8268 0.4166 0.8525 -0.4695 -0.7709 -1.6378 0.1278 -1.5340 -0.0724 2
-0.8568 -1.4357 -1.8570 -1.4177 -0.9032 -1.5914 -0.7504 -1.0037 -0.0365 -0.0111 -2.4339 -2.6207 -0.9767 -1.8522 -2.2878 1
0.2150 -0.7132 0.5260 -0.2778 0.0301 0.6283 -1.3166 -0.7392 -0.0712 -0.9494 -0.0283 -1.7317 -1.1209 -1.0889 -0.0411 2
-0.4424 0.2935 0.2174 0.7257 -1.9801 -1.3501 -1.0574 -0.3024 -0.4977 -1.8065 -0.7120 -0.6687 -0.5247 -1.7956 -1.0597 1
0.7934 -0.5036 0.6778 -0.0427 -0.1975 -0.3834 -0.1723 -0.4775 1.0650 -0.2613 0.3324 1.3320 0.8559 0.6603 0.1270 2
-1.8768 -2.7169 -0.6445 -1.5419 -2.3995 -1.0679 -0.3108 -0.1720 -1.7361 -0.2831 -1.4232 -0.4361 -1.1035 0.1589 0.2403 1
-0.4311 0.1345 -1.1217 -0.6713 -0.2266 0.6679 -0.2642 -0.0876 -0.5545 0.7491 -0.3344 0.5165 -0.3705 0.8067 1.0122 2
1.9475 1.4499 1.1894 0.4301 0.9759 -1.3480 -0.3023 -0.2903 -0.6939 -2.1002 1.8607 -0.1289 0.3801 0.6685 -0.4213 1
0.1418 -0.4002 0.0934 -0.8194 -0.2515 -1.2766 0.1644 0.2412 0.7715 -0.0811 0.6862 0.1717 1.5134 0.7710 0.8424 2
-1.3524 0.5194 0.1680 1.0352 -0.1928 -0.1442 0.6234 -0.2554 0.5586 -0.0164 0.2595 1.3188 1.8118 1.9206 0.9880 1
0.7231 0.5406 1.0429 -0.2879 0.7834 1.3814 1.4608 1.5119 0.0952 2.4083 1.8467 1.2346 0.7947 1.6815 1.1840 2
0.9056 -0.9182 0.4044 0.4407 0.5368 0.6310 0.4214 0.7114 -1.1054 -0.7564 -0.7080 -0.1716 -1.8772 0.8462 -1.3520 1
0.9771 0.9498 0.7784 1.4219 -0.0501 1.1726 1.9871 1.7910 1.7710 1.9572 -0.1132 0.1162 1.3731 0.8080 0.0047 2
-1.0319 -0.5533 -1.7575 -0.4076 0.3952 -0.1986 0.2584 -0.1142 -0.3631 0.3322 0.6658 -0.3396 -1.6273 -0.7892 -0.3231 1
-0.1159 -0.1685 1.1119 0.1941 0.3943 0.7760 0.4499 -0.1183 0.3184 0.5669 1.3642 -0.1309 -0.0079 1.1172 1.4421 2
0.7516 -1.5011 -0.2058 0.0983 0.5419 1.1861 -0.5252 1.5722 -0.8216 -0.5178 -0.2060 0.2400 0.7872 -1.0070 0.0972 1
-0.6400 0.3220 -0.6505 0.5879 -0.2002 -0.7369 0.6820 -0.1629 -1.5900 -0.6644 0.5274 -0.0261 0.2986 0.0253 -0.1972 2
0.8557 0.5984 -0.0807 1.3420 1.7959 0.7025 0.5695 0.7313 0.7439 2.1595 -0.9554 -0.4131 1.0181 -0.1173 -1.1936 1
-0.5873 -0.0748 -0.1462 0.3476 0.2627 -0.6539 0.4204 0.6429 0.4196 -0.6709 -1.3834 -0.2768 -1.2561 -1.1946 -1.0899 2
-0.8606 -1.0294 -0.1667 -1.0502 0.3099 -0.4810 -0.1417 0.5805 -0.0500 0.3472 -1.7057 -1.1553 -1.4968 -1.5937 -0.4078 1
0.2633 -0.3200 -0.3777 -0.2704 -0.1034 1.6544 2.3743 0.9545 2.0047 2.6751 2.2877 1.0239 1.8328 1.7026 0.9178 2
0.8845 0.8608 1.0170 1.9373 0.6190 0.0305 0.2106 -0.1910 -0.0593 -0.6114 0.4967 0.5003 0.7111 0.3533 -0.4777 1
-0.9868 -2.2105 -0.6101 -2.6762 -0.2409 -0.1681 -0.4442 0.0995 -0.6156 1.3772 -0.2426 0.2450 -0.0884 -0.1294 -0.3155 2
-0.1143 1.4341 1.2341 1.1654 1.8342 0.1933 0.7885 -0.5128 -0.3512 -0.5794 -0.1038 1.9148 -0.6047 0.1303 0.8960 1
-1.0305 0.3169 -0.7002 -0.9073 0.0338 1.4101 2.1099 2.3467 1.3650 0.6716 -0.5509 -1.2669 -0.0161 -0.0287 0.4323 2
0.4497 1.6849 0.0264 0.4026 -0.9388 0.0641 0.7899 0.1287 -0.7883 -0.9444 -0.3283 -1.1494 -0.3285 -1.3333 -0.2892 1
1.8076 1.3132 0.8143 0.6750 1.8210 -0.0547 0.7290 -2.3190 -0.0608 0.8056 0.0634 -1.7500 -0.6593 -0.6421 -1.1753 2
-0.5298 -0.0051 -0.9296 -0.5947 -1.2585 -1.4904 -2.3370 -1.1551 -1.0538 -0.9088 -1.1325 -0.2823 0.1312 -0.6103 -0.3737 1
-1.7405 -1.2977 -0.4616 -1.2779 -0.5670 0.3403 -0.8969 0.2020 -0.5854 -1.1946 -1.3523 -2.6856 -2.0029 -2.9791 -1.6150 2
0.0425 -1.0578 -1.7549 -1.2349 -1.4350 -0.0957 0.4533 -0.1693 0.7903 1.4213 0.9930 1.0885 1.7644 0.1356 1.5439 1
0.4184 -1.9163 -1.4660 0.0954 0.2291 -1.3293 -0.2423 -1.2083 -1.3612 -0.8341 -1.5648 -1.8933 -0.8667 -2.1259 -0.5303 2
-0.2030 -0.9915 -2.3864 -0.6774 -0.7980 -0.0452 -1.6730 -0.8517 -1.5527 -1.7340 -1.0605 -1.9967 -2.8610 -1.4674 -2.5276 1
-0.7541 -0.3605 0.4329 -0.5008 0.4815 -1.5158 -0.5653 -0.0752 -0.6074 0.2445 0.8883 1.5016 0.2372 0.0276 0.8730 2
-1.5699 0.2436 -0.1825 -1.4559 -0.7475 -0.0369 0.0102 0.3866 -0.0855 0.2474 1.6676 0.5106 1.7014 -0.3460 -0.1987 1
1.7428 1.7176 2.4755 1.1011 0.6715 -1.3085 -0.8901 -0.1752 -0.6184 -0.3086 0.1445 0.0762 -0.1679 0.3377 -0.2298 2
0.1583 0.4510 1.2056 -0.5545 0.8175 0.6137 -1.9638 -0.3458 -0.6498 -0.3477 1.1678 0.4891 0.3320 0.7971 0.3323 1
0.7075 0.0267 -1.4197 -1.2894 0.8241 -0.9831 -0.4573 -0.0205 1.5450 -0.6917 -0.5116 0.0072 0.5877 0.3660 -1.0124 2
1.4869 1.4250 0.3605 -0.6328 -0.4338 -0.9218 -1.3124 -1.6586 -0.8896 -0.6575 -1.4555 -0.6406 -1.2384 -1.6763 -0.0824 1
1.0031 1.0427 0.8591 0.0031 0.9976 0.6232 0.8658 -0.3323 -0.0636 2.0336 -0.9763 0.3097 0.6183 0.0424 0.1694 2
-0.8490 -0.5085 -1.0665 0.3232 -0.4189 -0.6360 1.1242 0.0249 0.0707 0.9213 0.8993 0.6006 0.2224 -1.2637 0.8351 1
0.3085 -0.5823 -0.1715 -0.6254 -0.6805 -0.2156 -0.7330 0.9240 -0.1705 1.3101 0.1328 0.8686 -0.1537 -0.6519 -0.2314 2
0.8507 0.6856 -1.8357 0.1703 0.7027 -0.4459 -0.3087 -1.5244 -1.3330 -0.6846 -0.7808 -0.4620 -0.3608 -0.7127 0.0029 1
-0.8563 -0.1406 -0.9031 -0.0015 -0.7322 -2.1570 -0.9693 -0.1248 -2.3285 -0.4368 -0.8023 -0.2165 0.1838 -1.0327 -0.8627 2
-0.4410 -0.1264 0.1746 0.6254 -0.4645 -0.1824 0.9404 1.4655 0.7378 1.1952 0.3682 -0.0661 -1.0771 -0.4948 -0.3935 1
0.0956 -0.4820 -0.7466 0.0594 0.9265 -0.7952 0.0029 -0.3337 -0.4199 -0.5994 -1.1195 0.9286 0.7315 -0.4366 -1.4832 2
-0.1227 0.4003 -0.2059 1.2727 0.8183 -0.7691 0.5218 -0.3054 -1.2436 0.7604 -0.2273 0.2289 1.3897 -0.0473 -0.1514 1
-1.7823 -1.3390 -0.9798 0.0861 -1.9375 -0.2980 -0.6396 -0.7048 -1.0287 -1.0160 -0.3932 -1.4857 -0.0034 -0.6979 -1.3764 2
0.0342 -1.6284 -1.1638 -0.6070 -1.4238 -0.4931 -1.0688 -2.0921 -0.1729 -0.8566 1.6820 1.7140 0.3568 0.5157 0.9609 1
0.8017 0.8046 -0.4749 -1.0013 0.3730 0.4607 -0.0819 -0.5762 0.7044 -1.2354 0.8965 0.1598 -0.7722 1.1674 0.7468 2
0.3847 2.0151 2.0536 1.3570 2.0894 1.1982 0.3733 1.5770 0.0110 1.6611 -0.7418 0.8030 -1.0218 0.2969 -0.6576 1
-1.6945 -0.7337 -1.1493 -2.3953 -1.7356 0.5516 0.0793 0.8277 -0.6634 0.2251 -0.5740 0.6628 0.6821 -0.4423 -0.3942 2
-0.1098 0.5077 -0.5638 -0.0108 0.1309 -0.9034 -1.2103 0.5275 -0.5431 -0.3433 -1.2252 0.2880 -1.8291 0.0637 -0.7782 1
-0.3356 0.9706 0.0799 0.1054 0.9096 -1.1245 -0.4300 -1.0430 -0.9587 -0.8670 -0.2714 0.0571 0.4032 0.1489 -0.4671 2
-0.3502 1.5592 -0.7137 0.0778 0.0636 0.2528 -0.2525 0.6683 -0.3889 -1.2914 -1.5304 -1.6748 -1.0625 -0.4396 -1.6743 1
-0.7955 -1.1806 1.0243 -1.4948 -1.0287 -0.3585 1.5084 0.3590 0.7514 1.6022 0.2542 0.1049 -1.1313 -0.4590 -0.8298 2
-0.2444 1.0259 -1.3906 0.0320 -0.5233 -0.6647 -0.1716 -0.6023 -0.8300 0.3195 0.6375 -1.6767 -0.1400 -2.0186 -1.6415 1
-0.7489 -1.0551 -1.0372 -1.3930 -0.7023 0.0743 0.9939 0.7239 0.0156 -0.5211 -1.4391 -1.3516 -0.5739 -0.5889 -0.7321 2
-0.5315 -1.2194 -1.5152 -0.5985 -1.1894 1.3456 0.7397 1.1939 0.4831 0.4755 0.2836 -0.8171 -1.5964 0.4555 -0.8227 1
-2.2281 -2.0307 -1.7401 -2.4626 -2.6458 -0.2718 -1.0361 -0.7345 -1.0339 -0.1499 -0.1610 0.1703 0.1543 0.7381 0.2673 2
-0.8402 1.7592 -0.4663 0.9863 0.6866 -1.7514 -0.2557 -1.6711 -1.6524 -2.4335 -0.2423 1.2888 0.6916 -0.4242 0.6953 1
-0.1468 -0.2365 -0.0277 -0.1624 -0.1488 -0.6053 0.0175 1.2751 0.4654 1.8143 0.8702 1.1691 0.9811 2.2071 0.4362 2
0.0269 0.2525 1.4886 0.7824 1.1375 0.8697 -0.9061 1.8506 1.5768 0.1019 -1.1079 1.3853 -0.0864 0.6996 -0.7561 1
0.1705 0.8648 -0.0141 -0.8079 1.6586 -0.8449 -0.2866 0.3424 -0.8227 0.3836 1.1657 2.3379 0.9555 0.4299 0.6148 2
-0.1894 1.9372 1.1465 0.7832 2.3388 1.1992 2.8339 1.9392 0.3021 1.4392 1.2665 1.5811 1.5001 1.6863 0.9736 1
-1.5365 0.0995 0.0767 -0.1950 0.9567 0.7661 0.2376 0.3533 0.1039 -0.0448 -1.6286 -0.2125 -0.7696 -1.8925 -0.3212 2
-2.1478 0.0489 -0.5930 -1.0127 -1.6607 -0.8506 -0.7783 -1.6709 -1.1784 0.5208 -0.9695 -0.3325 -1.3207 -2.2213 0.1959 1
0.7711 -0.3000 0.3968 1.9388 0.8900 1.0136 0.9782 -0.4895 0.4737 1.8012 0.3472 0.6391 -0.2204 -0.8446 0.1218 2
-0.1268 -0.2634 0.8102 -0.8318 -0.3555 -0.0851 -0.4089 -0.3533 -0.1750 -0.4331 0.9057 -0.9240 0.4980 -1.2299 1.2554 1
0.1092 -0.1069 -0.1683 -0.2054 -0.4295 0.1631 -1.1265 -1.8962 -0.7810 -1.7578 -0.5645 0.8284 0.3733 -0.7971 -0.1637 2
-0.8959 0.5165 -0.3120 -0.8261 0.9203 -0.7740 0.4950 -0.6954 -1.2403 -1.6395 -1.3883 0.8504 0.1180 0.1510 1.1495 1
0.5397 -0.4852 -0.3191 -0.9818 -0.9920 0.0725 0.2269 1.0964 1.2730 -0.7705 0.0146 0.2122 0.3815 -0.3235 0.2483 2
1.2046 0.5670 -0.0483 -0.3059 -0.2020 1.9613 0.2124 1.0944 0.2390 0.4734 0.6290 1.7866 0.4659 0.5582 0.5662 1
-0.0363 -1.2272 -0.1708 0.3184 0.0984 -3.1075 -0.7753 -1.8768 -0.8988 -1.6474 -0.3693 0.7005 -1.5385 -0.8089 -1.3519 2
0.6222 0.9504 -0.0431 -0.0104 1.1145 1.0863 0.4669 0.5319 0.5599 -0.1929 0.4328 0.3143 0.6356 -0.1693 -0.9948 1
-0.9450 -1.1905 -1.7664 -1.7411 -2.1937 -0.2228 -0.8590 -0.6587 0.0906 -0.6161 -0.1777 -0.0187 -1.0241 0.3221 0.5946 2
-0.2269 -0.4557 -0.0934 -0.5757 -1.0540 -0.2157 -0.1667 -1.1877 -0.5634 -1.7078 0.7611 -0.4518 0.0735 0.2251 -0.0692 1
0.7053 1.2079 0.1608 -0.2680 1.9322 0.1551 0.0524 -0.2655 0.3190 0.3729 0.4016 0.6669 -0.0598 0.4638 0.5382 2
-1.5040 -0.6969 -1.7884 -1.2609 -2.4266 -0.6388 -1.7121 0.2681 -1.7781 -1.3739 -0.2981 0.8849 0.1452 0.5338 -0.3833 1
-1.4967 -0.9510 0.0327 -1.7232 -0.8849 -0.1089 -0.3492 -0.1453 -0.6760 -1.6955 0.2703 0.6430 1.3046 -0.5217 0.8869 2
0.9430 1.2680 0.4720 -0.0085 0.7350 -0.4024 1.3368 -0.1097 1.1899 1.7089 -0.9362 1.3133 1.6538 0.9286 0.1101 1
2.6298 0.6091 1.1056 1.2287 0.8533 0.9856 2.1790 2.3208 1.5226 0.5873 -0.6096 1.3309 0.8651 0.9881 -0.5828 2
0.6034 0.0535 -0.0335 0.2172 0.1835 0.3895 0.0079 0.6642 1.5706 0.2289 0.7214 1.1905 1.3555 0.8889 0.7665 1
-0.6851 -0.2263 0.0336 -0.0418 -0.0899 0.3638 -0.5608 0.1371 0.7351 0.0778 -0.8275 0.4916 0.1586 -1.5464 -0.7310 2
1.0440 0.1771 1.4846 2.5248 0.5197 0.0251 0.5223 -0.7621 0.2002 0.3133 -0.3593 -0.7173 -0.2852 0.7651 -0.2394 1
0.0440 -0.4888 -0.6412 0.9057 -1.2274 0.3781 -0.1952 -2.0358 -0.7809 -0.0100 0.0081 0.1431 -1.1656 -1.6291 -1.5703 2
0.2272 -0.5216 0.9255 1.4455 0.8355 -1.3364 1.3035 -0.8313 0.0438 0.8220 2.8128 1.7579 0.7086 2.3257 2.0081 1
0.6020 -0.1125 -0.3669 0.6672 2.3279 -0.8269 1.0508 1.5147 1.6345 1.6133 1.3227 -0.1292 2.0636 -0.7370 0.7500 2
0.8536 1.4929 1.8133 1.5661 1.5529 -0.7188 -0.1065 -0.7440 0.2085 -0.2822 -0.9805 0.4820 -0.8271 -0.2749 -0.4925 1
1.9711 0.2025 0.4164 0.5657 1.6829 0.7048 -0.1861 -0.3683 -1.0006 0.3786 2.6138 0.3571 0.5478 0.8294 0.0400 2
-1.3896 -1.4336 -1.4508 -0.1340 -0.6978 0.4007 0.2966 1.8744 0.1167 0.7955 -1.2955 0.2498 -1.2165 -1.1710 -0.5514 1
0.4137 -1.5587 0.1887 2.1513 0.3739 0.5281 -0.0273 0.4242 0.9966 0.8655 0.4460 0.2390 -0.5680 0.1728 0.3641 2
-1.0532 -1.0119 -0.5797 -0.8618 -0.5049 -0.8535 -1.2744 -0.6939 -0.1327 0.3294 -0.5289 -1.2918 0.6851 -1.1305 -0.9159 1
-0.6372 -0.8318 -0.0172 0.0158 0.4750 -1.6541 0.7900 -0.8452 0.4780 -0.8053 0.0419 0.9655 -0.7074 0.7190 -0.8699 2
1.2744 0.2646 -0.3614 0.9970 -1.2525 0.8934 0.5428 0.0546 1.3663 2.2158 0.0789 -0.7265 -1.0086 -0.0801 1.4578 1
1.1506 1.2679 1.6256 1.3472 0.1826 0.4488 1.0001 2.0167 2.0208 1.8532 0.2151 0.7345 0.5923 0.1607 -0.3285 2
1.2728 1.6698 1.9278 1.0360 1.7735 0.0900 -0.1605 0.3765 -0.0828 0.0035 0.6794 1.0448 0.9941 0.5613 1.1957 1
0.5863 1.1687 0.3053 2.2633 0.9529 1.3878 -0.0369 0.2617 0.1030 -0.2992 -0.3579 0.4638 -1.5043 -0.3422 0.0299 2
-0.5635 -0.5286 -1.0214 0.9134 -1.1197 -1.1952 -0.9827 -1.8173 -1.1752 -1.5670 -0.1807 -0.5297 0.1677 -0.4584 -0.3067 1
-1.1590 -0.2165 -1.6414 0.8336 -0.8944 -0.4183 0.2008 1.8454 -0.6377 -0.6180 -1.2307 -0.1889 -0.7684 -1.1362 0.1046 2
0.1446 1.8727 -0.4570 0.3904 0.1752 0.2566 0.8230 0.8259 1.8724 1.3236 1.1399 0.7638 0.8133 1.3261 1.1158 1
-1.3719 -0.0646 0.3049 -0.7177 0.6143 2.3456 0.8086 1.2123 1.8987 1.3550 0.7064 0.4641 0.7728 0.9936 -0.8895 2
0.3296 0.0456 2.0966 1.2742 2.1938 1.4528 1.2090 0.6985 1.5034 0.6092 0.6120 0.6421 0.3144 0.9806 1.0535 1
0.4322 0.7479 1.9881 -0.2950 -0.1348 0.8341 1.6161 0.2908 0.4147 1.9554 -0.5544 -1.0884 -0.4218 0.8851 0.3031 2
0.0800 1.2024 -0.2107 0.2766 1.0617 0.1153 1.1472 1.2324 1.0395 1.0034 -1.8965 -0.6694 -1.8160 -0.2995 -1.4842 1
1.2473 0.3945 1.3897 2.0875 1.2400 0.0153 0.7526 0.5398 0.2725 -0.8920 0.3123 0.5287 0.4017 0.6461 0.2816 2
-0.0958 1.2000 -0.2554 0.2723 0.7832 0.0027 0.3115 -0.5114 0.3244 -0.5313 -1.1439 0.4896 -0.7077 -1.5929 -1.0207 1
1.0807 1.3146 1.2966 0.7256 1.0770 0.6821 0.7208 -0.2216 0.8138 0.6604 -0.3059 0.5074 0.0018 1.9473 -1.4662 2
0.1739 0.3856 -0.9283 -0.6289 -0.6119 0.4212 0.4056 1.5908 0.9870 0.1215 0.4464 -0.4178 0.8622 0.5469 0.4306 1
0.4210 -0.0170 1.1093 -1.1382 -0.7360 0.5414 0.6804 -0.5004 -0.2059 -0.3473 -0.1785 1.1719 -0.8379 0.5992 0.6902 2
-1.1124 -0.8003 0.1651 0.1938 0.2424 1.9493 0.6506 0.1988 1.3527 -0.2255 -0.3201 0.0782 -1.0932 -0.3142 -0.9359 1
0.2850 0.1136 0.3946 1.2543 0.2726 0.1699 0.5553 0.1640 0.9914 -0.6475 -0.2775 0.1335 1.2930 1.2045 0.3082 2
0.2800 0.8176 0.5265 0.3041 0.3760 2.0207 1.0101 1.6528 -0.0473 1.0429 0.5767 0.2496 2.7988 2.0538 0.6586 1
0.8467 2.5181 1.6727 1.1615 1.3146 0.2459 0.1816 -1.0625 -0.1656 0.4395 0.7148 -0.9535 0.3392 1.7457 0.4498 2
0.5089 0.5920 -0.1830 -0.5092 0.5772 0.0633 -0.3367 -0.9007 -2.4041 -0.0512 0.3313 -1.4932 -1.6571 -0.6307 -0.1007 1
-1.2972 -0.6458 -2.8944 -1.6687 -1.2368 -0.2544 -0.3203 0.6970 1.7386 0.7253 0.0886 0.3316 0.4269 -0.1754 1.0575 2
-0.2103 0.2152 0.2337 1.3838 0.7312 1.8231 1.1339 1.5447 0.3383 0.0291 0.8835 0.8451 1.0584 -0.0496 0.1008 1
0.5171 0.7092 0.8934 -0.1009 0.1132 -1.0136 0.4067 -0.6100 1.1308 1.1557 -0.4899 -0.0142 0.3881 0.4117 0.3604 2
-0.5744 -0.6728 -1.8757 -1.2067 -0.2368 0.9389 -0.1171 0.2648 0.3328 1.3180 -1.4476 -0.8389 -1.5913 0.0024 -0.6093 1
-0.5933 -1.6087 -0.4830 -0.8269 -0.6772 -0.0069 0.0388 -0.9526 0.5724 1.0468 -0.0366 0.6238 1.8443 1.8462 0.3831 2
0.3100 -1.5633 0.1393 0.2288 0.2659 -0.0590 -0.2241 -1.1141 -0.4155 -0.2234 -0.0575 -0.3900 0.4979 -0.4438 -0.2572 1
-1.1399 -0.4196 -0.6427 -0.1115 0.2349 1.7484 -0.3253 1.0713 1.3553 0.6719 -1.0193 -1.5337 -0.6525 0.0139 -0.0292 2
-0.7323 0.4300 -0.1956 -0.4087 0.9963 -1.4317 -0.7988 -0.8153 0.0745 -0.6037 -0.3159 -0.0135 0.5516 0.2769 0.0561 1
0.8456 1.6652 1.0350 1.5048 1.6845 0.6378 -0.2243 0.3263 1.7477 -0.2062 0.4100 -0.3589 0.3933 -0.7219 1.8629 2
-0.6779 -0.2133 -0.4961 -0.6513 0.2046 0.0701 -0.4623 0.3468 -1.0656 -1.8868 -0.1818 0.2711 1.0382 -0.2046 -0.3924 1
1.5129 1.6768 1.6822 1.9922 2.0547 0.8430 -0.3086 0.5680 -0.1729 1.1853 0.9607 0.6723 0.2135 1.6922 0.3224 2
0.2414 -0.0182 -0.7016 -0.4364 -0.8129 -1.2352 0.0216 -2.4736 -1.5849 -1.8554 0.2557 -0.0126 -0.1315 -0.5654 -1.3402 1
-0.0138 -0.0527 -0.8038 -1.1013 -1.2224 -0.5868 0.1194 -0.4824 1.5870 1.2837 1.0526 -0.4853 -0.4110 0.7435 -0.7488 2
-0.0468 -0.0381 1.1306 0.1391 0.5471 -0.8328 -0.0699 -1.7676 0.3911 -0.0833 -0.4691 -0.4771 -1.0815 -0.2826 -1.0615 1
0.8166 -1.1614 -0.8388 0.7194 -0.1120 -0.9025 0.3524 0.2005 -0.8966 -0.3514 1.2542 1.3492 2.1994 1.4900 1.8667 2
2.0614 0.6956 1.3409 1.0040 0.4615 1.4231 1.5095 0.8612 1.3999 1.7069 -0.1465 0.2733 -0.0888 -0.1765 -0.4273 1
-1.2144 -2.0154 -0.4743 -1.3783 -0.8408 0.4346 0.4375 0.8720 -0.0586 1.5877 -0.1617 -0.3522 -1.8229 0.2286 -0.3087 2
-0.6762 -0.6030 -0.3167 -0.6817 -0.1297 1.6726 1.3661 1.5561 1.4778 1.3093 -1.7509 -0.4880 -1.0876 -0.8230 -0.4134 1
0.4032 -2.3603 -0.9405 -2.3352 -0.3004 -0.1602 0.9281 1.2793 0.2301 0.2536 -0.9791 0.6057 -0.3575 0.0405 -0.3157 2
1.5559 0.7157 2.3893 0.4346 0.8033 -0.0093 -0.5818 0.2296 1.6319 -1.6402 1.1829 0.6402 1.5969 0.1690 0.8706 1
1.0934 -0.4385 0.5671 -0.3068 0.0682 0.0825 -0.5743 -1.5703 1.0803 0.3458 0.7437 0.0511 0.7257 0.6241 -0.0899 2
0.7245 1.2200 1.8306 1.4112 1.3913 0.2926 1.0137 0.2637 0.6189 0.9581 0.4572 -0.0830 -0.4151 -0.1158 0.1097 1
0.4078 -0.5884 -0.5794 -1.2897 -0.6626 -0.6720 -2.2603 -0.5038 -2.1975 -1.1642 -1.0464 -1.5720 -0.3037 -0.2748 -0.2455 2
0.5847 -0.1382 0.0890 1.0148 0.2869 0.2312 0.2205 -0.2300 0.5327 0.8675 -0.2398 -0.3518 0.9585 -1.3340 0.7173 1
1.0119 0.0973 -0.0728 -1.3824 -0.2792 2.1147 0.9860 0.4916 1.8204 1.2035 1.2017 1.3342 0.5472 0.0948 -0.5992 2
-0.9301 -0.8039 -0.9346 -0.8038 0.4025 -1.7726 -0.7524 -1.5246 -1.7887 -1.5678 -1.7429 -0.4642 1.6937 -0.0374 -0.5464 1
-0.6402 -1.5429 -1.6869 -0.8944 -0.6966 0.4230 -1.6559 -1.1635 0.4374 -0.4795 0.9244 -0.9491 -1.3521 -0.7334 0.0766 2
-0.6149 -0.4174 -0.4433 -0.3862 -0.3044 -2.1785 -0.9269 -1.5689 -0.9994 -1.8296 0.4203 -0.7711 -0.4108 -0.4849 -1.3232 1
0.0836 0.7125 0.3498 2.3034 1.7360 1.9620 0.7654 0.6834 0.8325 0.6684 1.5315 2.2399 0.3463 -0.3239 1.0126 2
-0.1270 0.0505 0.6076 -0.2940 -0.1551 -0.0484 0.3396 -0.0650 -0.4568 0.5085 -1.3815 -1.3017 -1.1263 -1.9637 -1.2350 1
0.1219 1.1223 0.3235 0.2551 1.1918 1.8314 0.5666 -1.5401 0.1339 0.7930 0.0643 0.1478 0.5395 0.0992 0.0590 2
-0.5528 -0.3069 -0.1520 -0.3226 -1.5668 0.5141 -0.5213 -0.3229 0.2974 -1.4551 -1.1913 -1.9794 -1.1286 -1.7764 -0.2521 1
1.8852 0.1843 0.8766 -0.0431 1.1978 0.4252 -0.4327 0.3963 2.4203 0.1446 2.1383 0.7292 0.5924 1.1843 0.0077 2
-0.4761 -2.4702 -0.7719 -0.3602 -1.2925 1.2785 0.1814 1.3025 1.7960 1.2028 -0.6317 -1.4725 -1.1819 -0.5270 -0.4989 1
2.1568 1.1316 0.3703 0.2523 -0.9367 0.3119 0.9760 1.6289 1.5845 2.3440 0.0847 -1.2037 -0.5751 -2.0352 -0.0029 2
2.0691 0.8808 -0.2575 0.5751 0.2794 -1.4328 -0.7217 -0.6469 -0.3123 0.5843 0.9498 -0.4523 0.3255 -0.0240 0.3112 1
-1.3804 -0.2168 -1.7315 -1.7117 -0.7051 1.6150 1.9560 0.1149 -0.4378 1.1037 0.7574 -0.8457 0.5307 -0.1372 -0.1514 2
0.0522 -0.0159 0.3166 0.3749 -0.5771 0.0432 1.5008 1.3125 1.2357 1.1010 0.6739 2.4524 0.9402 -0.0994 0.9135 1
0.6082 0.8530 0.0409 1.0411 -0.1686 -0.3596 -0.6436 0.2905 1.7781 0.7622 -1.5127 -1.5668 -1.8176 -1.1638 -1.5642 2
1.2974 0.4541 1.0983 1.4749 -0.5088 1.6389 -0.1832 0.3941 1.0038 -1.1193 -0.5686 -0.2315 -0.8661 0.5098 0.0721 1
1.1305 0.1855 0.7371 1.2420 0.6270 1.4804 1.7931 0.2660 1.1192 0.9316 -0.2022 -0.5517 0.5098 0.4153 0.4029 2
1.0405 0.6526 0.6479 -0.4011 -0.0890 1.4624 2.2806 1.0149 0.8626 0.8229 1.1182 1.8260 0.6662 1.5994 1.4677 1
-0.5410 -0.2386 0.0136 0.8136 0.2061 0.2016 -1.5512 -0.5436 -1.1087 -0.9313 -0.5374 0.3861 0.5066 -0.0000 -0.7121 2
1.1182 0.7342 0.8341 0.8881 1.3677 2.8695 1.9809 -0.5038 2.1016 -0.4431 1.0494 0.7304 -1.3539 0.0939 1.1177 1
0.1032 -0.2296 -0.5497 -1.2124 -0.7436 -0.4318 0.0704 0.0699 0.1851 0.5682 -0.2506 0.7492 1.5091 -0.2144 0.5119 2
-0.6535 -0.8417 -0.1407 -0.5591 -1.0600 0.2391 -0.6536 -1.6994 -2.0645 -0.4844 -0.1920 -0.8676 0.4619 -0.8949 0.0388 1
-0.2835 -0.3462 -0.1589 0.0426 0.0708 0.4371 -0.6051 -0.6734 -0.9923 1.3863 0.1627 0.2902 1.7745 0.1377 0.1800 2
1.8896 1.7783 0.7321 0.7190 0.5175 -1.0992 0.2347 -0.2829 0.5490 -0.3353 -1.1137 -0.3084 -0.5301 -0.7798 -1.0467 1
-0.1383 0.6452 -0.0214 0.7066 0.2339 -0.1001 -0.6107 0.4651 0.4517 0.7006 0.9300 -0.7023 -0.3173 1.1052 -0.7012 2
0.6058 -0.7467 -1.1844 0.1913 1.4700 -0.2503 -1.2757 -2.0148 -1.5729 -0.2268 -1.5346 -0.0607 -0.7345 -0.5734 -0.6751 1
-2.0900 0.0868 0.2995 -0.2202 -0.7011 -0.9319 0.3840 -0.0916 -0.1946 0.2344 0.6308 0.6617 0.0748 -0.1368 0.2912 2
-0.3680 0.3232 -0.9619 -0.8755 0.0056 -0.4547 0.3549 -1.0560 -1.3084 -1.4475 0.1013 -0.2377 -1.1939 -1.5404 -0.8031 1
1.8219 1.0613 2.3460 2.0358 1.7662 0.5901 -0.2614 1.0583 -0.7359 -0.1898 0.2671 0.4384 0.7664 -0.4005 -0.2810 2
-0.0656 -0.2353 -1.4648 0.0803 -2.4691 0.4093 0.2876 0.2395 0.9092 0.9421 -0.8582 -1.8875 -1.1642 -2.4643 -0.9208 1
-2.8329 -3.1151 -3.4310 -2.9417 -1.8788 -1.1581 0.0925 -1.3005 -0.4325 -0.8773 0.4314 0.9437 0.3360 -0.0931 -0.3317 2
-1.9851 -1.4847 -0.8410 -1.0960 -0.2700 -1.2240 -0.9042 -0.1179 -0.8693 -0.5309 0.0074 0.0299 -0.8530 -0.4279 -0.6435 1
2.1354 1.2121 0.9626 1.4563 1.4219 1.0276 1.9932 2.2452 1.3734 0.9067 0.4144 -1.0089 0.7159 -0.0502 0.1656 2
-1.4399 -0.8884 -0.5404 -1.3437 -0.5728 0.3574 -0.2013 -0.4124 -1.4463 0.8301 -0.8830 0.7554 -0.9040 -0.3477 -1.2970 1
0.8387 -1.5135 0.5801 0.3716 0.5101 1.5701 -0.4776 2.9104 2.3336 0.2439 2.0637 1.3383 2.6635 0.8385 2.1465 2
-1.1975 -0.4442 -1.0194 -1.4951 -1.5351 -1.2350 -0.9126 -1.8731 -0.6276 -0.8315 -1.2270 -0.5940 -1.2178 -0.8063 -0.3800 1
1.1251 -1.2777 0.9867 1.1908 -0.9996 -0.3758 -1.7049 -1.1916 -0.6827 -0.9412 0.4067 0.5985 0.1672 1.0724 0.5674 2
-0.3311 -1.7437 -0.7633 -1.1001 -0.5870 -0.9626 -1.3447 0.6627 -0.1679 0.2547 -2.1842 -0.7989 -1.0361 -2.0493 -0.4152 1
-0.9655 -0.0102 0.0952 0.5873 1.6730 0.4873 -0.5577 -0.5885 -1.1704 0.4960 -0.1161 -0.6474 -0.7491 -1.0805 -1.5027 2
-2.3785 0.0805 -2.3805 -0.6234 -0.7272 -0.5510 -0.8446 -0.0877 0.6009 -0.6232 0.1807 -0.4288 -2.1960 -0.0890 0.9177 1
-0.8390 -0.3053 0.2686 0.5438 -0.2450 -1.1712 -0.4794 -0.0477 -0.2536 -0.2279 0.2389 1.0108 0.2397 -0.1344 0.9980 2
1.6941 1.9923 0.7885 1.3850 1.7137 0.5550 0.4907 0.6032 -0.0522 1.7487 0.1671 1.3770 1.7434 0.3813 1.2518 1
1.3337 -0.5539 0.1469 -0.9773 1.0423 0.6616 0.9077 1.7120 0.5387 1.2440 -0.0892 0.9170 -0.1832 -1.3404 -0.7093 2
1.2519 1.2665 2.3678 2.2003 1.5524 1.1980 2.2187 0.6955 0.0765 1.8853 0.7596 1.8347 2.7911 1.6897 2.9339 1
-0.5022 -0.1147 -0.9256 0.5677 0.2638 0.8499 -0.9572 0.4423 -0.3441 -0.7771 -0.2546 0.1095 -0.9072 0.0783 0.0954 2
-0.1923 -0.2225 0.0812 0.1537 0.5794 -0.1096 1.8883 0.3759 0.7444 -0.5748 0.3357 0.2263 0.5332 0.3173 -1.4260 1
-0.8451 0.0335 -0.2210 -0.3791 -0.7194 -0.8447 0.2445 0.2120 -0.1125 -0.0634 0.0719 0.2502 -0.9354 0.7369 0.4983 2
0.2589 0.0044 -1.6794 0.6781 -0.2443 -0.5696 0.5540 -0.0280 -0.4128 -0.5132 0.3682 1.0072 -0.2586 -0.0571 0.5221 1
-0.2155 0.4379 -0.1710 0.0108 0.4706 -1.1384 -0.6915 0.0235 -0.2536 -2.1902 -1.0701 0.4902 0.7483 -1.8317 -0.2400 2
0.6817 -0.1290 0.0386 0.6590 0.7324 0.3000 0.7613 0.7577 0.2590 1.8210 2.2673 1.2116 1.9592 1.6118 1.3020 1
1.5666 0.7811 -0.0312 0.9579 -0.2879 -0.7260 -0.5543 -0.7596 -0.6906 -0.2828 0.7561 0.0418 -1.3804 1.0111 -0.3225 2
0.8992 0.7551 -0.3119 0.9858 0.8050 -0.7488 -0.3620 -0.6884 -0.6341 0.7077 -0.2850 0.8780 0.2554 0.5184 0.3375 1
0.3352 -0.9749 -0.5886 -1.2424 -0.5289 0.1200 0.9864 0.7879 1.6681 -0.6415 -0.4505 0.2964 0.2855 -0.3659 -0.2122 2
0.1344 -0.0484 -0.2643 -0.8488 -0.8826 -1.8124 -0.9079 -0.7415 0.2342 -0.6346 0.4890 1.9839 1.8215 0.6042 0.2196 1
1.0984 0.7902 0.5933 0.5037 0.1464 -0.3304 -0.7589 -1.2802 -0.7305 0.0098 -0.8221 0.1879 -0.3419 -0.2759 0.5069 2
0.9150 0.0015 -1.3029 -0.0005 0.0875 -0.2284 -0.0622 0.7166 0.0805 -2.0864 -1.2585 0.3432 -1.6202 -1.9256 -0.6085 1
2.3444 2.2001 2.1002 0.7797 1.6707 -0.3102 1.8556 1.1767 0.2918 0.7279 1.1364 0.6657 2.4850 0.7904 1.7146 2
0.0260 0.7264 0.1624 0.2326 0.3328 -0.3430 0.9408 -1.1297 1.8382 -0.5911 0.7118 1.0889 0.5375 -0.5275 0.4844 1
1.7056 0.8305 2.1896 0.7987 1.3479 0.1631 0.0446 -1.8434 0.0184 0.1597 1.0345 0.4145 -0.1183 1.5934 0.3147 2
0.7596 0.4770 0.7784 0.5299 0.6295 1.5566 0.4814 1.9110 1.2037 -0.1190 -0.7283 -0.7889 0.3887 0.6385 0.6732 1
-0.1483 0.5320 -1.4896 0.4625 0.8774 -0.4350 -0.2307 -0.0940 0.3132 -0.7998 0.5119 0.6714 0.3059 0.2085 0.3199 2
-0.0735 -0.1532 0.5957 0.0844 1.4811 0.7902 -0.6180 0.7640 -0.3388 0.9237 0.2456 0.3447 0.0097 0.1341 0.6620 1
-0.0503 -0.3277 -0.3150 0.1194 -1.1669 -0.2454 -0.0502 -0.4084 -0.4158 0.8658 0.7731 0.6087 0.5439 0.6985 0.8066 2
0.6728 0.1491 -0.1017 0.1856 0.1086 0.9519 0.5935 -0.0843 1.3944 -0.7748 0.7088 -0.5122 -0.2922 -0.2444 0.1207 1
0.6168 0.7318 0.9196 1.5245 0.5898 -1.6825 -1.3724 0.6248 -0.4232 -0.1902 0.7342 1.6736 -0.4397 -0.9801 -0.5076 2
-0.7705 0.0982 -1.0050 -0.9103 -0.0326 1.5261 1.9596 0.2933 0.1326 0.7622 1.1142 -0.2290 0.0150 2.7869 0.8022 1
-1.2921 -0.6482 -0.5712 0.5220 -0.0055 -1.1122 -1.5661 -1.3806 0.0316 -1.9089 1.4371 0.0120 -0.0564 -0.1912 0.6335 2
0.9119 1.5577 1.0583 2.4816 -0.1111 1.3886 2.3011 0.5145 0.6616 1.0050 -0.4045 -0.3876 -0.4617 -1.0365 -1.5968 1
-1.1167 -0.5413 0.3606 1.3200 -1.8171 -0.1273 0.6914 -1.6637 1.4291 -0.8858 1.6570 0.4518 0.9240 0.8429 -0.0823 2
0.9683 -1.1244 0.6721 0.8857 0.1113 -2.1896 -1.2829 0.1757 -0.7028 0.2638 -0.5622 0.6167 -0.0878 0.1887 1.6729 1
0.7124 0.4578 0.0612 0.4303 0.5672 0.0504 1.8010 0.9519 0.0144 -1.0514 -1.2570 0.7680 0.2494 -0.3876 0.5485 2
0.2190 0.8933 0.5294 0.7918 0.2839 0.9831 1.5883 1.3955 1.5996 0.4682 2.2994 1.5398 1.4066 0.4133 0.3456 1
0.3431 -0.3841 -0.2209 -1.4070 0.3594 0.4153 -0.4528 -0.9830 -0.2451 -0.6211 0.1771 -0.5882 0.7133 0.9312 -1.0494 2
0.4449 -1.1371 0.7157 -0.8281 0.7320 1.1817 1.4082 1.2583 0.9309 0.2255 0.5076 0.4377 0.6602 -0.3208 -0.4134 1
1.7503 -0.1365 -0.4768 -0.7896 -0.5274 -1.8357 -2.3442 -0.4685 -0.6986 -1.4963 0.0533 0.9109 -0.2496 0.3707 0.8741 2
0.4845 1.6595 1.5207 -0.0385 0.2694 -0.0789 -0.8088 -0.5976 -2.2043 -0.4996 0.2901 0.8935 -0.2216 -0.1608 0.9270 1
0.2727 1.6765 -0.5338 -0.7108 -0.5545 0.8680 0.5889 0.1499 -0.1334 0.7401 0.1476 0.7278 1.2525 0.3354 0.9535 2
0.4170 0.1456 -0.0267 -0.5582 -0.4744 1.2505 0.7821 0.6331 1.3949 1.2482 1.1684 0.4918 0.3591 1.8637 -0.0424 1
0.7398 1.9993 0.8513 1.7484 0.9390 0.3591 0.0323 0.1088 -0.1517 -0.0574 -0.5361 0.3753 0.7402 0.4772 0.2621 2
0.8641 -0.5368 0.4650 0.1096 0.1647 0.9987 0.7118 0.5858 0.0025 -0.4469 -0.0809 2.7834 0.1667 1.0236 0.9489 1
-0.0390 -1.4243 -0.3482 0.2692 0.5450 -0.7466 -0.9502 -0.4739 0.0719 -0.9578 0.3856 0.4572 0.4495 0.4684 -0.5697 2
0.3919 0.7541 2.1881 0.6536 0.7456 2.0524 1.0735 0.7655 0.9140 0.5806 -2.0687 -0.5981 -1.1355 -1.1070 -0.3357 1
0.2815 -0.0791 -0.8430 -0.2948 2.0964 -0.6978 -0.2343 -0.6606 0.9568 0.4113 -0.5230 1.5399 1.0179 -0.2742 0.9592 2
0.0500 1.1691 0.2255 -0.1919 1.5789 0.3443 1.3501 0.2999 0.7681 1.8060 0.8590 1.7675 1.4940 0.6652 1.7271 1
1.0180 1.0773 1.0942 1.4493 0.6973 0.9925 -0.1673 0.7452 -0.7988 -0.2083 0.4622 -0.6611 0.8750 0.3749 -0.0668 2
-1.3306 -0.2833 0.2249 -0.5907 -0.1239 -0.3387 0.6667 0.8554 0.3019 0.7835 0.2468 -0.9233 0.2030 -0.1546 -0.1008 1
0.8543 -0.2344 0.5554 0.2283 -0.7590 -1.8621 -0.9208 0.3246 0.5772 -0.3907 -1.1245 0.7418 -1.4039 -0.0538 0.5860 2
1.3823 1.3908 1.0589 -0.1868 0.6188 -1.4086 -1.2807 -1.7616 -0.7129 -0.3809 0.1924 -0.7619 -0.4576 0.6621 0.6142 1
0.7037 1.9962 0.4100 0.6606 0.4508 1.8152 1.0865 0.2823 -0.0337 0.0228 -1.5003 -0.8887 -0.3946 -0.7651 0.7694 2
0.3138 -0.0046 1.0950 0.0440 0.1739 1.3103 0.2573 0.6907 2.2426 0.0985 0.6947 -0.7237 0.1126 0.4722 0.8543 1
-0.1071 -0.5013 0.5247 0.0515 -0.8693 -0.9215 -1.8150 -0.4683 -0.4375 -1.6048 0.5276 -0.7691 -0.1158 -1.6521 -0.8782 2
-0.3814 -0.1504 -1.1364 -0.0342 -0.0046 0.3761 -1.0826 -1.2791 -0.8360 0.6161 0.7615 0.0777 0.4474 0.9488 1.1594 1
-0.1516 0.4086 0.9489 1.6722 1.0387 0.5660 0.7813 0.4833 0.6068 1.0695 0.4049 0.0814 -0.4132 0.5715 1.0289 2
-0.9333 -0.1790 -1.1185 -0.8587 0.1119 -1.4081 -1.1747 -1.3639 -1.2647 -1.0130 -0.8497 -1.1790 -1.6539 -0.3739 -2.0695 1
0.5777 -0.5593 -0.5751 0.3763 0.3215 0.8572 0.9076 0.6118 -0.8882 0.0242 -0.9613 -0.0778 0.3974 -0.2265 0.0643 2
-0.2275 0.1348 0.1526 0.6766 1.4974 0.0105 0.1615 -0.9828 -1.3602 0.5402 0.4276 -0.8619 -0.2010 0.6703 -0.1504 1
-0.4161 -1.2194 -0.1930 -0.3000 0.0494 -0.6566 1.2767 -0.0572 0.5305 0.2375 -0.3121 -0.6588 -0.7598 -1.2522 -0.7854 2
-1.1377 -0.4638 0.0129 -1.0198 0.4932 -0.6297 0.0774 0.0756 0.6813 -0.0641 -0.7715 0.0394 0.2218 -2.3623 -1.8163 1
0.1053 0.2699 0.9090 0.2516 0.9269 0.8577 0.3208 -1.0608 0.2205 0.4364 -0.2888 0.4485 -0.7796 -0.3781 1.1301 2
-0.5413 -1.2447 -0.9067 -0.0706 -1.6093 -0.8740 -1.1973 0.0098 -1.2475 -1.6824 0.8375 -0.4498 0.6432 -0.2155 0.3312 1
-0.2817 0.9144 0.8443 0.8677 1.7107 0.7132 0.0381 -0.3618 0.1313 1.2120 0.3924 -0.4826 0.9866 0.2229 0.4315 2
0.8021 0.2638 0.4278 -0.6118 -0.8654 -0.8032 0.5647 -0.0665 -0.4536 -0.5061 -1.4649 -0.5336 -1.3194 -1.6221 0.0542 1
0.3979 0.9248 0.1741 -0.5843 0.0866 -0.7685 0.8916 -0.4331 -0.6825 0.7856 0.7202 0.2743 -0.3861 -0.0236 0.0190 2
1.1757 0.4855 1.1427 -0.3065 0.2920 0.0960 -1.4469 -0.8426 0.8452 0.3010 -0.8426 -0.2581 -0.5274 -0.3857 -1.4607 1
1.6482 0.9792 0.4199 0.6624 0.1038 0.0066 -1.0041 -0.3840 -0.2808 0.0910 -1.3351 0.7003 0.5456 -0.9784 0.2918 2
0.0307 -0.2602 1.0037 0.2268 1.4870 0.6856 1.1919 0.4947 1.3474 1.1993 0.5990 0.0393 0.8271 0.0283 -0.4440 1
-0.1693 -0.6803 0.7254 0.8570 1.0706 -0.2138 1.2831 1.6938 -0.4350 -0.2305 0.4990 0.5282 -1.2191 0.0692 0.7945 2
0.9196 0.6396 0.8774 1.7863 0.8906 0.8114 -0.9997 0.8315 1.1627 0.4527 -0.5602 -0.0598 -0.5094 -1.9703 -0.6355 1
-0.2851 1.0507 -0.0988 -0.3426 -0.9463 -0.5591 -0.2475 -1.2484 -0.7096 -0.8469 -0.5720 -1.6369 0.4469 -0.3470 0.2742 2
